Taxon	SCF1	GCF2	SBFA1	NCK3	SBFB2	NCF1	SBFA3	NBFB3	GCF1	SCFBF3	CS2	GCK3	SCK3	GCF3	GCFBF1	SBFB1	GBFB2	NCFBF3	NBFA3	CS1	SCF2	NBFB2	NBFA2	NCK1	NCK2	NBFA1	NBFB1	SCF3	SCK1	NCFBF1	GCFBF2	GCK1	SBFA2	CT3	CT1	SCFBF1	GBFB3	GBFA3	CT2	CS3	SCK2	GBFA2	NCF2	GBFB1	SCFBF2	SBFB3	NCF3	NCFBF2	GBFA1	GCFBF3	GCK2
Archaea;Euryarchaeota;Other;Other	0.0	0.0	0.0	0.0	0.0	0.0	0.0	0.0	0.0	0.0	0.0	0.0	0.0	0.0	0.0	0.0	0.0	0.0	1.0	0.0	0.0	0.0	0.0	2.0	0.0	0.0	0.0	0.0	0.0	0.0	0.0	0.0	0.0	0.0	0.0	0.0	0.0	0.0	0.0	0.0	0.0	0.0	0.0	0.0	0.0	0.0	0.0	0.0	0.0	0.0	0.0
Archaea;Euryarchaeota;Thermoplasmata;Other	0.0	0.0	0.0	0.0	0.0	0.0	0.0	0.0	0.0	0.0	0.0	1.0	0.0	0.0	0.0	1.0	0.0	0.0	0.0	0.0	0.0	0.0	0.0	7.0	0.0	0.0	0.0	0.0	0.0	0.0	0.0	0.0	0.0	1.0	0.0	0.0	0.0	0.0	0.0	0.0	0.0	0.0	0.0	0.0	0.0	0.0	0.0	0.0	0.0	0.0	0.0
Bacteria;Abditibacteriota;Abditibacteriia;Abditibacteriales	17.0	0.0	3.0	4.0	9.0	4.0	7.0	1.0	0.0	5.0	0.0	1.0	8.0	1.0	3.0	10.0	12.0	2.0	2.0	1.0	30.0	1.0	3.0	9.0	2.0	4.0	1.0	8.0	69.0	0.0	9.0	3.0	4.0	0.0	7.0	8.0	6.0	7.0	1.0	0.0	7.0	1.0	6.0	49.0	15.0	2.0	4.0	3.0	2.0	37.0	0.0
Bacteria;Acidobacteriota;Acidobacteria_Gp1;Unclassified	4.0	7.0	1.0	25.0	3.0	19.0	0.0	15.0	4.0	0.0	0.0	5.0	0.0	18.0	4.0	2.0	17.0	20.0	9.0	2.0	1.0	12.0	11.0	42.0	74.0	30.0	24.0	1.0	4.0	0.0	29.0	14.0	0.0	54.0	25.0	1.0	3.0	32.0	17.0	0.0	1.0	57.0	14.0	1.0	7.0	2.0	16.0	6.0	13.0	0.0	0.0
Bacteria;Acidobacteriota;Acidobacteria_Gp10;Unclassified	0.0	6.0	0.0	31.0	1.0	41.0	1.0	17.0	8.0	0.0	0.0	11.0	0.0	19.0	7.0	3.0	52.0	11.0	65.0	0.0	0.0	0.0	19.0	17.0	10.0	17.0	2.0	0.0	2.0	9.0	18.0	16.0	0.0	3.0	0.0	1.0	5.0	16.0	0.0	0.0	2.0	11.0	2.0	2.0	2.0	0.0	10.0	9.0	10.0	2.0	0.0
Bacteria;Acidobacteriota;Acidobacteria_Gp13;Unclassified	0.0	3.0	1.0	11.0	0.0	7.0	0.0	2.0	0.0	1.0	0.0	3.0	0.0	3.0	2.0	0.0	7.0	8.0	4.0	1.0	0.0	7.0	0.0	9.0	16.0	6.0	8.0	0.0	0.0	0.0	4.0	2.0	0.0	12.0	7.0	0.0	3.0	4.0	6.0	0.0	0.0	9.0	0.0	1.0	1.0	0.0	1.0	5.0	5.0	0.0	1.0
Bacteria;Acidobacteriota;Acidobacteria_Gp14;Unclassified	0.0	6.0	4.0	3.0	0.0	3.0	0.0	5.0	0.0	0.0	0.0	4.0	0.0	4.0	4.0	0.0	4.0	2.0	1.0	0.0	3.0	18.0	2.0	7.0	15.0	2.0	33.0	4.0	0.0	0.0	5.0	0.0	4.0	25.0	8.0	0.0	2.0	3.0	6.0	0.0	1.0	2.0	1.0	0.0	1.0	3.0	2.0	2.0	5.0	1.0	0.0
Bacteria;Acidobacteriota;Acidobacteria_Gp16;Unclassified	252.0	220.0	147.0	381.0	88.0	991.0	125.0	464.0	109.0	147.0	28.0	252.0	198.0	382.0	380.0	230.0	609.0	338.0	285.0	17.0	93.0	111.0	852.0	839.0	397.0	597.0	173.0	72.0	150.0	151.0	554.0	350.0	137.0	538.0	338.0	164.0	389.0	1707.0	211.0	26.0	255.0	464.0	284.0	62.0	192.0	267.0	353.0	445.0	800.0	96.0	7.0
Bacteria;Acidobacteriota;Acidobacteria_Gp17;Unclassified	1.0	0.0	0.0	0.0	0.0	3.0	0.0	0.0	0.0	0.0	0.0	1.0	0.0	1.0	1.0	0.0	8.0	1.0	3.0	0.0	0.0	0.0	0.0	5.0	0.0	0.0	0.0	0.0	0.0	0.0	0.0	0.0	0.0	4.0	1.0	0.0	0.0	1.0	0.0	0.0	0.0	0.0	0.0	0.0	0.0	0.0	0.0	0.0	1.0	0.0	0.0
Bacteria;Acidobacteriota;Acidobacteria_Gp2;Unclassified	0.0	2.0	0.0	1.0	0.0	1.0	0.0	0.0	0.0	0.0	20.0	1.0	0.0	0.0	0.0	0.0	0.0	0.0	1.0	0.0	0.0	2.0	1.0	1.0	1.0	1.0	2.0	0.0	1.0	0.0	0.0	0.0	0.0	1.0	2.0	0.0	1.0	0.0	0.0	0.0	0.0	3.0	1.0	0.0	0.0	0.0	1.0	0.0	0.0	0.0	0.0
Bacteria;Acidobacteriota;Acidobacteria_Gp21;Unclassified	0.0	0.0	0.0	1.0	0.0	0.0	0.0	1.0	0.0	0.0	0.0	0.0	0.0	0.0	0.0	0.0	0.0	0.0	0.0	0.0	0.0	0.0	0.0	0.0	0.0	0.0	0.0	0.0	0.0	0.0	0.0	4.0	0.0	0.0	0.0	0.0	0.0	1.0	0.0	0.0	0.0	0.0	0.0	0.0	0.0	0.0	2.0	3.0	0.0	0.0	0.0
Bacteria;Acidobacteriota;Acidobacteria_Gp25;Unclassified	0.0	0.0	0.0	0.0	0.0	1.0	0.0	1.0	0.0	0.0	0.0	0.0	0.0	0.0	0.0	0.0	0.0	1.0	0.0	0.0	0.0	0.0	3.0	0.0	2.0	0.0	0.0	0.0	0.0	0.0	1.0	0.0	0.0	6.0	0.0	0.0	0.0	0.0	1.0	0.0	0.0	0.0	0.0	0.0	0.0	0.0	0.0	0.0	0.0	0.0	0.0
Bacteria;Acidobacteriota;Acidobacteria_Gp3;Unclassified	37.0	47.0	4.0	81.0	28.0	60.0	3.0	47.0	2.0	16.0	0.0	35.0	7.0	64.0	47.0	39.0	70.0	57.0	54.0	3.0	11.0	57.0	43.0	66.0	94.0	44.0	60.0	16.0	12.0	44.0	30.0	32.0	1.0	188.0	92.0	23.0	49.0	69.0	74.0	0.0	46.0	83.0	29.0	21.0	24.0	28.0	35.0	52.0	38.0	16.0	1.0
Bacteria;Acidobacteriota;Acidobacteria_Gp4;Unclassified	1.0	11.0	0.0	9.0	1.0	7.0	0.0	12.0	5.0	0.0	0.0	3.0	1.0	20.0	3.0	2.0	5.0	28.0	5.0	1.0	0.0	4.0	4.0	15.0	6.0	6.0	10.0	0.0	0.0	46.0	1.0	10.0	0.0	8.0	10.0	1.0	1.0	12.0	11.0	0.0	0.0	4.0	2.0	2.0	0.0	3.0	11.0	21.0	3.0	1.0	0.0
Bacteria;Acidobacteriota;Acidobacteria_Gp5;Unclassified	0.0	0.0	0.0	0.0	0.0	1.0	0.0	2.0	0.0	0.0	0.0	1.0	1.0	5.0	0.0	0.0	0.0	2.0	1.0	0.0	0.0	0.0	3.0	0.0	3.0	1.0	0.0	0.0	0.0	3.0	1.0	2.0	0.0	1.0	0.0	0.0	0.0	0.0	1.0	0.0	1.0	1.0	0.0	0.0	0.0	1.0	1.0	3.0	0.0	0.0	0.0
Bacteria;Acidobacteriota;Acidobacteria_Gp6;Unclassified	280.0	157.0	75.0	196.0	64.0	459.0	113.0	207.0	40.0	175.0	172.0	123.0	72.0	208.0	89.0	153.0	726.0	291.0	268.0	5.0	108.0	41.0	169.0	482.0	179.0	158.0	63.0	97.0	233.0	163.0	287.0	279.0	110.0	266.0	160.0	152.0	355.0	654.0	102.0	2.0	146.0	180.0	76.0	162.0	150.0	261.0	312.0	307.0	220.0	102.0	3.0
Bacteria;Acidobacteriota;Acidobacteria_Gp7;Unclassified	0.0	5.0	1.0	6.0	0.0	14.0	0.0	3.0	0.0	0.0	0.0	4.0	0.0	1.0	0.0	3.0	30.0	2.0	5.0	1.0	0.0	0.0	8.0	23.0	10.0	3.0	3.0	0.0	0.0	0.0	6.0	4.0	0.0	27.0	29.0	0.0	1.0	20.0	7.0	0.0	0.0	1.0	2.0	0.0	3.0	0.0	10.0	2.0	8.0	0.0	0.0
Bacteria;Acidobacteriota;Acidobacteria_Gp9;Unclassified	0.0	0.0	0.0	0.0	0.0	0.0	0.0	0.0	0.0	0.0	0.0	0.0	0.0	0.0	0.0	0.0	0.0	0.0	0.0	0.0	0.0	0.0	0.0	0.0	0.0	0.0	0.0	0.0	0.0	16.0	0.0	0.0	0.0	0.0	0.0	0.0	0.0	0.0	0.0	0.0	0.0	1.0	0.0	0.0	0.0	0.0	0.0	0.0	0.0	0.0	0.0
Bacteria;Acidobacteriota;Blastocatellia;Blastocatellales	12.0	35.0	1.0	45.0	3.0	80.0	17.0	31.0	11.0	45.0	0.0	28.0	2.0	26.0	25.0	17.0	353.0	27.0	49.0	2.0	11.0	5.0	83.0	139.0	52.0	48.0	7.0	4.0	4.0	15.0	56.0	27.0	10.0	79.0	49.0	1.0	16.0	463.0	24.0	0.0	5.0	50.0	24.0	5.0	7.0	3.0	51.0	42.0	109.0	29.0	0.0
Bacteria;Acidobacteriota;Holophagae;Holophagales	0.0	0.0	21.0	0.0	11.0	1.0	0.0	0.0	0.0	0.0	0.0	0.0	1.0	0.0	0.0	0.0	0.0	0.0	0.0	0.0	5.0	0.0	0.0	10.0	12.0	0.0	0.0	1.0	1.0	0.0	0.0	1.0	0.0	0.0	0.0	1.0	0.0	0.0	0.0	0.0	157.0	0.0	0.0	9.0	79.0	0.0	0.0	0.0	0.0	5.0	0.0
Bacteria;Acidobacteriota;Other;Other	0.0	15.0	3.0	19.0	1.0	21.0	4.0	53.0	3.0	0.0	0.0	20.0	0.0	29.0	4.0	0.0	8.0	17.0	7.0	0.0	2.0	2.0	52.0	28.0	8.0	33.0	4.0	0.0	2.0	34.0	20.0	21.0	6.0	28.0	12.0	0.0	3.0	100.0	13.0	0.0	1.0	23.0	7.0	1.0	2.0	4.0	20.0	29.0	100.0	2.0	0.0
Bacteria;Acidobacteriota;Terriglobia;Bryobacterales	0.0	0.0	0.0	0.0	0.0	0.0	0.0	0.0	0.0	0.0	0.0	0.0	0.0	0.0	0.0	0.0	0.0	0.0	0.0	0.0	4.0	0.0	0.0	0.0	0.0	0.0	0.0	0.0	0.0	0.0	0.0	0.0	0.0	0.0	0.0	0.0	0.0	0.0	0.0	0.0	0.0	0.0	0.0	0.0	1.0	0.0	0.0	0.0	0.0	2.0	0.0
Bacteria;Acidobacteriota;Terriglobia;Terriglobales	1.0	33.0	6.0	37.0	17.0	31.0	0.0	16.0	0.0	2.0	0.0	12.0	6.0	14.0	28.0	3.0	30.0	15.0	18.0	4.0	23.0	77.0	9.0	40.0	81.0	26.0	85.0	5.0	1.0	4.0	15.0	10.0	0.0	97.0	141.0	2.0	23.0	11.0	62.0	0.0	14.0	39.0	24.0	9.0	21.0	0.0	8.0	12.0	12.0	7.0	0.0
Bacteria;Acidobacteriota;Vicinamibacteria;Vicinamibacterales	2.0	0.0	0.0	2.0	1.0	5.0	17.0	0.0	0.0	22.0	0.0	1.0	1.0	1.0	2.0	29.0	7.0	3.0	4.0	0.0	6.0	1.0	14.0	8.0	2.0	6.0	1.0	0.0	14.0	0.0	14.0	1.0	18.0	12.0	0.0	16.0	7.0	5.0	2.0	0.0	6.0	6.0	5.0	1.0	2.0	1.0	4.0	1.0	3.0	3.0	0.0
Bacteria;Actinomycetota;Acidimicrobiia;Acidimicrobiales	222.0	143.0	42.0	219.0	85.0	232.0	86.0	276.0	46.0	108.0	7.0	198.0	82.0	201.0	97.0	226.0	365.0	225.0	292.0	11.0	54.0	79.0	370.0	301.0	127.0	169.0	94.0	51.0	121.0	116.0	265.0	198.0	82.0	326.0	212.0	104.0	239.0	224.0	171.0	5.0	159.0	194.0	163.0	85.0	117.0	103.0	199.0	218.0	196.0	56.0	3.0
Bacteria;Actinomycetota;Actinobacteria;Acidothermales	4.0	38.0	6.0	21.0	6.0	19.0	3.0	23.0	2.0	0.0	1.0	31.0	2.0	40.0	31.0	2.0	34.0	10.0	15.0	3.0	0.0	58.0	21.0	35.0	54.0	19.0	66.0	0.0	2.0	1.0	22.0	18.0	1.0	103.0	235.0	3.0	18.0	37.0	114.0	4.0	5.0	36.0	19.0	2.0	12.0	6.0	1.0	19.0	32.0	4.0	0.0
Bacteria;Actinomycetota;Actinobacteria;Actinomycetales	0.0	7.0	3.0	0.0	0.0	1.0	2.0	11.0	7.0	5.0	82.0	4.0	0.0	5.0	1.0	0.0	0.0	12.0	10.0	2.0	0.0	12.0	12.0	1.0	0.0	0.0	14.0	8.0	4.0	24.0	1.0	7.0	10.0	1.0	5.0	5.0	1.0	2.0	2.0	10.0	1.0	6.0	0.0	0.0	5.0	20.0	0.0	18.0	2.0	0.0	5.0
Bacteria;Actinomycetota;Actinobacteria;Bifidobacteriales	29.0	133.0	50.0	46.0	48.0	131.0	56.0	140.0	66.0	52.0	38.0	47.0	62.0	52.0	125.0	35.0	71.0	47.0	88.0	39.0	31.0	61.0	49.0	90.0	56.0	69.0	59.0	68.0	84.0	81.0	69.0	33.0	50.0	44.0	51.0	36.0	57.0	72.0	49.0	55.0	25.0	64.0	59.0	118.0	41.0	34.0	63.0	52.0	57.0	72.0	125.0
Bacteria;Actinomycetota;Actinobacteria;Catenulisporales	0.0	22.0	1.0	17.0	2.0	19.0	0.0	7.0	0.0	0.0	0.0	1.0	0.0	10.0	49.0	0.0	77.0	2.0	55.0	1.0	0.0	108.0	19.0	71.0	107.0	44.0	107.0	0.0	1.0	0.0	31.0	1.0	0.0	50.0	57.0	0.0	56.0	8.0	27.0	1.0	0.0	22.0	43.0	3.0	1.0	1.0	3.0	4.0	25.0	1.0	1.0
Bacteria;Actinomycetota;Actinobacteria;Geodermatophilales	109.0	78.0	96.0	122.0	140.0	76.0	84.0	114.0	18.0	79.0	79.0	125.0	62.0	81.0	163.0	83.0	79.0	59.0	48.0	121.0	83.0	109.0	152.0	156.0	88.0	104.0	138.0	84.0	95.0	40.0	82.0	48.0	81.0	679.0	659.0	53.0	75.0	327.0	429.0	4.0	159.0	113.0	82.0	109.0	92.0	38.0	37.0	72.0	166.0	86.0	0.0
Bacteria;Actinomycetota;Actinobacteria;Glycomycetales	44.0	187.0	14.0	152.0	44.0	614.0	1.0	21.0	2.0	3.0	48.0	378.0	91.0	16.0	175.0	22.0	248.0	57.0	306.0	110.0	4.0	61.0	523.0	175.0	104.0	143.0	98.0	9.0	13.0	21.0	119.0	31.0	2.0	190.0	196.0	3.0	203.0	52.0	243.0	5.0	70.0	152.0	1049.0	131.0	304.0	51.0	52.0	57.0	81.0	38.0	2.0
Bacteria;Actinomycetota;Actinobacteria;Jatrophihabitantales	16.0	30.0	45.0	42.0	42.0	27.0	3.0	32.0	2.0	1.0	3.0	25.0	10.0	44.0	59.0	13.0	53.0	13.0	15.0	76.0	19.0	61.0	44.0	42.0	42.0	42.0	119.0	0.0	10.0	0.0	24.0	8.0	4.0	166.0	298.0	6.0	52.0	54.0	168.0	10.0	12.0	58.0	54.0	10.0	17.0	15.0	5.0	23.0	49.0	8.0	0.0
Bacteria;Actinomycetota;Actinobacteria;Jiangellales	2.0	12.0	3.0	23.0	2.0	30.0	3.0	39.0	6.0	1.0	0.0	15.0	3.0	38.0	5.0	2.0	75.0	40.0	251.0	0.0	1.0	3.0	78.0	91.0	20.0	12.0	10.0	0.0	1.0	0.0	4.0	48.0	5.0	3.0	4.0	0.0	3.0	15.0	5.0	0.0	0.0	7.0	28.0	2.0	4.0	2.0	61.0	55.0	24.0	5.0	0.0
Bacteria;Actinomycetota;Actinobacteria;Kineosporiales	43.0	18.0	23.0	43.0	22.0	18.0	35.0	28.0	4.0	54.0	2.0	20.0	25.0	15.0	50.0	29.0	18.0	10.0	11.0	6.0	32.0	24.0	55.0	98.0	18.0	33.0	24.0	6.0	13.0	0.0	5.0	5.0	28.0	161.0	145.0	6.0	26.0	82.0	176.0	0.0	25.0	32.0	20.0	15.0	45.0	2.0	9.0	15.0	61.0	59.0	1.0
Bacteria;Actinomycetota;Actinobacteria;Micrococcales	618.0	356.0	174.0	850.0	103.0	499.0	598.0	582.0	2551.0	745.0	577.0	573.0	618.0	396.0	808.0	421.0	625.0	414.0	267.0	60.0	458.0	364.0	1305.0	1020.0	590.0	675.0	482.0	200.0	258.0	1270.0	573.0	524.0	489.0	1707.0	1057.0	412.0	708.0	1931.0	1152.0	567.0	226.0	994.0	894.0	191.0	354.0	321.0	327.0	436.0	926.0	489.0	271.0
Bacteria;Actinomycetota;Actinobacteria;Micromonosporales	433.0	233.0	308.0	416.0	522.0	301.0	1473.0	621.0	83.0	301.0	7.0	363.0	324.0	848.0	407.0	6693.0	282.0	446.0	556.0	288.0	48.0	176.0	632.0	540.0	517.0	446.0	190.0	102.0	180.0	30.0	479.0	426.0	1487.0	378.0	242.0	256.0	283.0	328.0	645.0	3.0	285.0	187.0	299.0	335.0	627.0	196.0	276.0	435.0	544.0	210.0	4.0
Bacteria;Actinomycetota;Actinobacteria;Mycobacteriales	42.0	656.0	155.0	1168.0	55.0	958.0	72.0	1102.0	99.0	82.0	1425.0	910.0	146.0	1374.0	1308.0	124.0	777.0	1394.0	305.0	130.0	376.0	235.0	841.0	430.0	320.0	402.0	204.0	78.0	49.0	816.0	349.0	1411.0	134.0	251.0	246.0	63.0	1156.0	816.0	311.0	317.0	56.0	1025.0	2851.0	99.0	153.0	124.0	1111.0	1183.0	676.0	246.0	28.0
Bacteria;Actinomycetota;Actinobacteria;Nakamurellales	4.0	9.0	4.0	4.0	1.0	0.0	8.0	11.0	0.0	10.0	0.0	7.0	10.0	20.0	8.0	0.0	7.0	6.0	3.0	2.0	13.0	16.0	7.0	6.0	6.0	2.0	30.0	0.0	5.0	0.0	3.0	1.0	9.0	14.0	44.0	1.0	6.0	11.0	26.0	0.0	2.0	15.0	9.0	2.0	3.0	0.0	0.0	7.0	13.0	3.0	0.0
Bacteria;Actinomycetota;Actinobacteria;Other	57.0	151.0	8.0	206.0	17.0	156.0	28.0	466.0	40.0	9.0	58.0	169.0	14.0	446.0	117.0	35.0	248.0	435.0	122.0	13.0	8.0	83.0	135.0	143.0	114.0	159.0	81.0	9.0	21.0	48.0	82.0	740.0	38.0	278.0	391.0	27.0	148.0	239.0	255.0	7.0	42.0	203.0	68.0	19.0	61.0	29.0	275.0	395.0	339.0	24.0	5.0
Bacteria;Actinomycetota;Actinobacteria;Propionibacteriales	782.0	484.0	271.0	727.0	362.0	489.0	240.0	554.0	187.0	266.0	3814.0	449.0	452.0	494.0	539.0	433.0	596.0	418.0	238.0	1450.0	319.0	416.0	1290.0	728.0	507.0	820.0	507.0	162.0	499.0	1936.0	401.0	393.0	212.0	1695.0	1852.0	360.0	473.0	900.0	2012.0	595.0	673.0	617.0	644.0	285.0	429.0	205.0	229.0	475.0	678.0	361.0	6.0
Bacteria;Actinomycetota;Actinobacteria;Pseudonocardiales	156.0	247.0	50.0	244.0	392.0	780.0	8.0	215.0	31.0	5.0	33.0	3642.0	30.0	183.0	230.0	291.0	395.0	170.0	5524.0	57.0	12.0	96.0	1041.0	1176.0	370.0	195.0	112.0	230.0	70.0	103.0	150.0	190.0	8.0	406.0	174.0	141.0	178.0	139.0	215.0	3.0	286.0	328.0	335.0	102.0	77.0	34.0	205.0	138.0	238.0	46.0	15.0
Bacteria;Actinomycetota;Actinobacteria;Sporichthyales	29.0	49.0	6.0	21.0	25.0	9.0	40.0	47.0	1.0	21.0	6.0	35.0	23.0	61.0	32.0	28.0	63.0	16.0	28.0	1.0	4.0	28.0	25.0	35.0	26.0	28.0	44.0	1.0	24.0	1.0	9.0	16.0	19.0	31.0	24.0	9.0	29.0	21.0	27.0	0.0	19.0	58.0	11.0	6.0	5.0	6.0	11.0	15.0	13.0	12.0	0.0
Bacteria;Actinomycetota;Actinobacteria;Streptomycetales	921.0	1946.0	3016.0	2126.0	2814.0	884.0	2257.0	814.0	68.0	362.0	223.0	1561.0	1070.0	400.0	5701.0	2778.0	1596.0	431.0	2222.0	1821.0	138.0	963.0	3432.0	1442.0	606.0	1438.0	1098.0	443.0	1036.0	184.0	1318.0	469.0	1677.0	1259.0	4104.0	610.0	1448.0	598.0	5179.0	222.0	1599.0	2085.0	3721.0	5337.0	2835.0	1332.0	1573.0	459.0	1553.0	614.0	19.0
Bacteria;Actinomycetota;Actinobacteria;Streptosporangiales	820.0	356.0	681.0	503.0	3663.0	533.0	609.0	766.0	75.0	95.0	97.0	1193.0	328.0	690.0	1152.0	1616.0	648.0	758.0	4159.0	86.0	6.0	203.0	1087.0	859.0	600.0	404.0	271.0	1071.0	225.0	14.0	550.0	1037.0	807.0	557.0	437.0	7489.0	557.0	448.0	378.0	34.0	2469.0	282.0	1637.0	916.0	2395.0	1326.0	684.0	867.0	1621.0	160.0	14.0
Bacteria;Actinomycetota;Coriobacteriia;Coriobacteriales	4.0	5.0	0.0	5.0	1.0	3.0	4.0	5.0	3.0	2.0	1.0	4.0	3.0	4.0	2.0	3.0	5.0	4.0	2.0	1.0	1.0	4.0	3.0	4.0	4.0	0.0	1.0	5.0	1.0	5.0	6.0	3.0	2.0	1.0	2.0	2.0	3.0	5.0	1.0	5.0	2.0	4.0	4.0	5.0	2.0	1.0	0.0	4.0	4.0	1.0	7.0
Bacteria;Actinomycetota;Coriobacteriia;Eggerthellales	0.0	0.0	0.0	1.0	2.0	0.0	0.0	0.0	0.0	0.0	0.0	1.0	0.0	0.0	0.0	1.0	0.0	0.0	0.0	0.0	0.0	0.0	0.0	0.0	0.0	0.0	0.0	0.0	0.0	0.0	1.0	0.0	2.0	0.0	0.0	0.0	1.0	0.0	3.0	0.0	0.0	1.0	0.0	0.0	1.0	0.0	0.0	0.0	1.0	0.0	0.0
Bacteria;Actinomycetota;Nitriliruptoria;Euzebyales	0.0	0.0	1.0	1.0	0.0	1.0	0.0	82.0	4.0	0.0	0.0	5.0	0.0	16.0	0.0	0.0	0.0	8.0	2.0	0.0	0.0	1.0	1.0	0.0	0.0	0.0	1.0	0.0	1.0	11.0	1.0	42.0	0.0	0.0	0.0	0.0	0.0	26.0	0.0	0.0	0.0	1.0	0.0	0.0	0.0	0.0	10.0	18.0	17.0	1.0	0.0
Bacteria;Actinomycetota;Nitriliruptoria;Nitriliruptorales	0.0	0.0	0.0	0.0	0.0	0.0	0.0	4.0	1.0	0.0	0.0	1.0	0.0	0.0	0.0	0.0	0.0	1.0	0.0	0.0	0.0	0.0	0.0	0.0	0.0	0.0	0.0	0.0	0.0	0.0	0.0	1.0	0.0	0.0	0.0	0.0	0.0	0.0	0.0	0.0	0.0	0.0	0.0	0.0	0.0	0.0	0.0	2.0	1.0	0.0	0.0
Bacteria;Actinomycetota;Other;Other	23.0	39.0	3.0	52.0	4.0	52.0	4.0	319.0	51.0	9.0	4.0	37.0	3.0	172.0	10.0	21.0	53.0	262.0	21.0	10.0	0.0	19.0	64.0	80.0	46.0	45.0	28.0	20.0	21.0	21.0	65.0	336.0	7.0	92.0	26.0	14.0	17.0	97.0	33.0	0.0	14.0	25.0	28.0	9.0	5.0	13.0	162.0	231.0	78.0	8.0	3.0
Bacteria;Actinomycetota;Rubrobacteria;Rubrobacterales	1.0	3.0	1.0	0.0	0.0	11.0	0.0	11.0	5.0	0.0	17.0	1.0	0.0	2.0	1.0	0.0	0.0	19.0	0.0	1.0	3.0	1.0	7.0	3.0	3.0	11.0	0.0	0.0	0.0	0.0	5.0	14.0	0.0	1.0	1.0	0.0	2.0	21.0	4.0	0.0	1.0	0.0	5.0	2.0	2.0	0.0	7.0	15.0	8.0	1.0	0.0
Bacteria;Actinomycetota;Thermoleophilia;Gaiellales	42.0	215.0	16.0	319.0	35.0	266.0	4.0	308.0	67.0	3.0	132.0	176.0	16.0	288.0	230.0	14.0	327.0	267.0	115.0	20.0	8.0	379.0	314.0	450.0	584.0	274.0	561.0	49.0	4.0	31.0	374.0	171.0	3.0	1356.0	884.0	10.0	173.0	745.0	448.0	6.0	28.0	446.0	160.0	40.0	117.0	23.0	83.0	264.0	406.0	64.0	7.0
Bacteria;Actinomycetota;Thermoleophilia;Miltoncostaeales	2.0	8.0	7.0	2.0	1.0	3.0	7.0	15.0	1.0	6.0	0.0	5.0	4.0	9.0	8.0	7.0	10.0	2.0	1.0	1.0	10.0	5.0	13.0	10.0	3.0	3.0	7.0	0.0	2.0	0.0	1.0	5.0	9.0	11.0	4.0	2.0	3.0	17.0	11.0	0.0	3.0	7.0	2.0	1.0	6.0	1.0	2.0	3.0	11.0	5.0	0.0
Bacteria;Actinomycetota;Thermoleophilia;Other	4.0	6.0	0.0	5.0	1.0	10.0	0.0	14.0	8.0	0.0	0.0	7.0	2.0	14.0	8.0	1.0	4.0	9.0	7.0	1.0	0.0	2.0	18.0	7.0	5.0	16.0	4.0	0.0	2.0	0.0	11.0	16.0	2.0	27.0	8.0	0.0	11.0	30.0	6.0	0.0	3.0	8.0	1.0	3.0	1.0	2.0	3.0	11.0	13.0	3.0	0.0
Bacteria;Actinomycetota;Thermoleophilia;Solirubrobacterales	122.0	113.0	97.0	128.0	222.0	171.0	141.0	184.0	30.0	83.0	29.0	96.0	78.0	175.0	119.0	398.0	211.0	142.0	110.0	50.0	121.0	102.0	271.0	181.0	149.0	190.0	169.0	459.0	220.0	156.0	240.0	146.0	121.0	436.0	471.0	421.0	113.0	372.0	281.0	1.0	182.0	156.0	96.0	74.0	120.0	69.0	98.0	179.0	304.0	48.0	1.0
Bacteria;Actinomycetota;Thermoleophilia;Thermoleophilales	1.0	2.0	0.0	6.0	0.0	11.0	0.0	19.0	3.0	0.0	0.0	5.0	1.0	16.0	3.0	0.0	5.0	17.0	3.0	0.0	1.0	6.0	6.0	11.0	9.0	5.0	1.0	0.0	0.0	0.0	6.0	11.0	0.0	17.0	5.0	0.0	5.0	25.0	2.0	0.0	1.0	6.0	3.0	1.0	1.0	1.0	2.0	16.0	8.0	2.0	1.0
Bacteria;Armatimonadota;Armatimonadia;Armatimonadales	0.0	0.0	0.0	0.0	0.0	4.0	0.0	1.0	0.0	3.0	0.0	0.0	0.0	1.0	5.0	4.0	2.0	1.0	1.0	0.0	1.0	2.0	0.0	1.0	0.0	2.0	1.0	0.0	2.0	0.0	3.0	0.0	0.0	1.0	1.0	0.0	0.0	5.0	0.0	0.0	0.0	1.0	1.0	0.0	2.0	0.0	0.0	1.0	3.0	0.0	0.0
Bacteria;Armatimonadota;Armatimonadia;Capsulimonadales	0.0	0.0	0.0	0.0	0.0	1.0	1.0	0.0	0.0	3.0	0.0	1.0	2.0	0.0	3.0	1.0	1.0	2.0	0.0	0.0	3.0	5.0	0.0	1.0	2.0	2.0	5.0	2.0	0.0	0.0	1.0	0.0	2.0	1.0	0.0	0.0	1.0	0.0	0.0	0.0	1.0	0.0	1.0	0.0	2.0	0.0	0.0	0.0	3.0	2.0	0.0
Bacteria;Armatimonadota;Chthonomonadia;Chthonomonadales	0.0	1.0	0.0	3.0	0.0	2.0	0.0	0.0	0.0	0.0	0.0	0.0	0.0	0.0	1.0	0.0	1.0	1.0	0.0	1.0	0.0	0.0	3.0	3.0	3.0	0.0	0.0	0.0	0.0	0.0	0.0	1.0	0.0	13.0	1.0	0.0	0.0	1.0	2.0	0.0	0.0	0.0	2.0	0.0	2.0	0.0	1.0	1.0	1.0	0.0	0.0
Bacteria;Armatimonadota;Fimbriimonadia;Fimbriimonadales	5.0	0.0	1.0	1.0	1.0	5.0	0.0	1.0	0.0	1.0	0.0	0.0	11.0	0.0	0.0	2.0	1.0	3.0	1.0	0.0	0.0	1.0	0.0	5.0	1.0	1.0	0.0	0.0	9.0	3.0	1.0	1.0	4.0	1.0	1.0	2.0	0.0	5.0	0.0	0.0	0.0	0.0	0.0	8.0	1.0	2.0	0.0	2.0	4.0	1.0	0.0
Bacteria;Armatimonadota;Unclassified;Unclassified	23.0	6.0	5.0	18.0	12.0	23.0	40.0	7.0	1.0	33.0	6.0	4.0	13.0	8.0	2.0	12.0	11.0	9.0	4.0	0.0	15.0	0.0	11.0	20.0	27.0	10.0	2.0	4.0	21.0	0.0	22.0	10.0	36.0	31.0	11.0	27.0	3.0	17.0	11.0	0.0	25.0	8.0	5.0	9.0	13.0	35.0	3.0	2.0	10.0	87.0	1.0
Bacteria;BRC1;Unclassified;Unclassified	5.0	5.0	1.0	1.0	0.0	6.0	1.0	3.0	0.0	5.0	0.0	0.0	1.0	1.0	1.0	1.0	11.0	11.0	1.0	0.0	5.0	0.0	2.0	1.0	3.0	6.0	0.0	0.0	6.0	0.0	5.0	3.0	2.0	2.0	2.0	2.0	5.0	11.0	5.0	1.0	3.0	2.0	1.0	4.0	2.0	2.0	4.0	5.0	6.0	3.0	1.0
Bacteria;Bacillota;Bacilli;Caryophanales	4539.0	8246.0	4065.0	1897.0	5121.0	3621.0	5364.0	2631.0	459.0	4625.0	13564.0	2126.0	3068.0	1511.0	4188.0	2996.0	1494.0	2727.0	3093.0	11835.0	5185.0	1225.0	2859.0	2406.0	5105.0	994.0	1932.0	1382.0	11143.0	1295.0	13204.0	2869.0	4672.0	918.0	2722.0	3768.0	3156.0	2478.0	4276.0	20361.0	4702.0	1146.0	6597.0	4121.0	4505.0	2724.0	3043.0	2565.0	2953.0	2879.0	20876.0
Bacteria;Bacillota;Bacilli;Lactobacillales	6.0	35.0	99.0	9.0	36.0	15.0	35.0	23.0	43.0	83.0	443.0	30.0	11.0	23.0	4.0	17.0	15.0	27.0	27.0	32.0	5.0	41.0	27.0	11.0	11.0	6.0	39.0	51.0	10.0	122.0	5.0	31.0	97.0	14.0	56.0	67.0	4.0	10.0	26.0	102.0	2.0	28.0	3.0	14.0	32.0	45.0	6.0	25.0	32.0	3.0	50.0
Bacteria;Bacillota;Bacillota_incertae_sedis;Other	0.0	0.0	0.0	0.0	0.0	0.0	0.0	0.0	0.0	0.0	0.0	0.0	1.0	0.0	1.0	0.0	1.0	1.0	1.0	0.0	0.0	0.0	0.0	1.0	0.0	1.0	0.0	0.0	0.0	0.0	0.0	0.0	0.0	0.0	0.0	0.0	0.0	1.0	1.0	0.0	0.0	2.0	1.0	1.0	0.0	0.0	0.0	0.0	0.0	0.0	0.0
Bacteria;Bacillota;Bacillota_incertae_sedis;Unclassified	7.0	5.0	6.0	8.0	3.0	23.0	4.0	4.0	3.0	5.0	0.0	13.0	3.0	21.0	6.0	6.0	4.0	24.0	0.0	7.0	1.0	10.0	12.0	7.0	22.0	24.0	20.0	1.0	6.0	0.0	16.0	10.0	1.0	6.0	5.0	1.0	2.0	22.0	4.0	1.0	13.0	9.0	1.0	11.0	6.0	0.0	4.0	10.0	11.0	2.0	0.0
Bacteria;Bacillota;Clostridia;Eubacteriales	360.0	396.0	684.0	457.0	687.0	546.0	675.0	502.0	286.0	917.0	1763.0	451.0	356.0	494.0	1487.0	749.0	664.0	522.0	497.0	3041.0	320.0	439.0	471.0	355.0	459.0	296.0	485.0	1026.0	937.0	459.0	1026.0	546.0	854.0	741.0	951.0	594.0	862.0	772.0	811.0	1680.0	796.0	412.0	682.0	612.0	1054.0	619.0	403.0	544.0	510.0	875.0	418.0
Bacteria;Bacillota;Clostridia;Halanaerobiales	0.0	0.0	1.0	0.0	0.0	0.0	1.0	1.0	0.0	1.0	0.0	1.0	0.0	0.0	0.0	0.0	0.0	2.0	0.0	0.0	0.0	0.0	1.0	0.0	0.0	2.0	0.0	0.0	0.0	0.0	0.0	5.0	0.0	1.0	0.0	0.0	0.0	1.0	0.0	0.0	0.0	1.0	0.0	0.0	0.0	0.0	0.0	1.0	0.0	0.0	0.0
Bacteria;Bacillota;Clostridia;Natranaerobiales	0.0	0.0	0.0	0.0	0.0	0.0	0.0	5.0	0.0	0.0	0.0	0.0	0.0	0.0	0.0	0.0	0.0	1.0	0.0	0.0	0.0	0.0	0.0	0.0	0.0	0.0	0.0	0.0	0.0	0.0	0.0	3.0	0.0	0.0	0.0	0.0	0.0	0.0	0.0	0.0	0.0	0.0	0.0	0.0	0.0	0.0	0.0	1.0	1.0	0.0	0.0
Bacteria;Bacillota;Clostridia;Other	6.0	9.0	8.0	6.0	4.0	8.0	6.0	16.0	0.0	7.0	0.0	3.0	7.0	8.0	1.0	1.0	6.0	24.0	22.0	10.0	1.0	1.0	13.0	8.0	24.0	8.0	7.0	13.0	3.0	1.0	6.0	15.0	8.0	9.0	15.0	1.0	1.0	30.0	8.0	2.0	4.0	5.0	3.0	5.0	4.0	0.0	20.0	20.0	12.0	4.0	1.0
Bacteria;Bacillota;Clostridia;Thermoanaerobacterales	2.0	0.0	0.0	1.0	1.0	1.0	0.0	8.0	1.0	3.0	0.0	0.0	2.0	5.0	0.0	2.0	1.0	12.0	0.0	1.0	1.0	1.0	1.0	1.0	1.0	1.0	1.0	0.0	0.0	0.0	8.0	2.0	1.0	2.0	2.0	1.0	0.0	7.0	0.0	0.0	2.0	3.0	1.0	2.0	0.0	0.0	4.0	5.0	4.0	0.0	0.0
Bacteria;Bacillota;Erysipelotrichia;Erysipelotrichales	27.0	58.0	25.0	115.0	16.0	123.0	33.0	78.0	34.0	27.0	79.0	104.0	16.0	37.0	300.0	14.0	87.0	65.0	92.0	24.0	13.0	67.0	124.0	81.0	95.0	53.0	81.0	23.0	26.0	13.0	83.0	45.0	27.0	17.0	27.0	12.0	169.0	43.0	62.0	23.0	14.0	81.0	201.0	27.0	40.0	26.0	57.0	56.0	65.0	34.0	26.0
Bacteria;Bacillota;Limnochordia;Limnochordales	2.0	1.0	0.0	1.0	0.0	0.0	2.0	2.0	1.0	0.0	0.0	4.0	14.0	2.0	4.0	0.0	8.0	2.0	2.0	2.0	0.0	1.0	1.0	5.0	3.0	2.0	2.0	0.0	3.0	10.0	1.0	3.0	1.0	2.0	2.0	0.0	1.0	1.0	0.0	0.0	1.0	2.0	4.0	1.0	1.0	0.0	0.0	2.0	6.0	1.0	0.0
Bacteria;Bacillota;Negativicutes;Acidaminococcales	0.0	2.0	1.0	3.0	0.0	8.0	0.0	5.0	6.0	2.0	16.0	0.0	1.0	2.0	3.0	0.0	1.0	0.0	2.0	1.0	0.0	6.0	3.0	2.0	1.0	3.0	2.0	1.0	0.0	2.0	0.0	1.0	6.0	1.0	0.0	0.0	2.0	1.0	1.0	0.0	1.0	2.0	2.0	2.0	3.0	2.0	1.0	0.0	1.0	1.0	4.0
Bacteria;Bacillota;Negativicutes;Selenomonadales	1.0	5.0	6.0	4.0	2.0	1.0	0.0	2.0	1.0	9.0	4.0	8.0	1.0	9.0	2.0	0.0	3.0	5.0	2.0	2.0	0.0	6.0	4.0	3.0	3.0	3.0	5.0	6.0	5.0	6.0	9.0	10.0	2.0	0.0	2.0	4.0	3.0	6.0	5.0	2.0	0.0	5.0	6.0	1.0	3.0	4.0	5.0	8.0	14.0	15.0	4.0
Bacteria;Bacillota;Negativicutes;Veillonellales	30.0	29.0	75.0	5.0	70.0	7.0	38.0	22.0	38.0	80.0	324.0	31.0	40.0	25.0	138.0	44.0	125.0	13.0	19.0	82.0	31.0	20.0	13.0	9.0	8.0	8.0	22.0	137.0	145.0	17.0	168.0	25.0	107.0	54.0	118.0	72.0	118.0	136.0	39.0	111.0	38.0	38.0	6.0	166.0	124.0	108.0	5.0	10.0	36.0	140.0	37.0
Bacteria;Bacillota;Other;Other	97.0	28.0	42.0	63.0	34.0	65.0	33.0	93.0	11.0	41.0	23.0	55.0	69.0	59.0	26.0	43.0	104.0	99.0	64.0	301.0	47.0	66.0	94.0	103.0	123.0	37.0	101.0	56.0	101.0	15.0	53.0	82.0	55.0	321.0	318.0	45.0	26.0	173.0	214.0	327.0	78.0	50.0	25.0	46.0	122.0	47.0	70.0	90.0	89.0	50.0	0.0
Bacteria;Bacillota;Tissierellia;Tissierellales	2.0	0.0	2.0	0.0	2.0	2.0	3.0	3.0	1.0	2.0	0.0	1.0	1.0	4.0	3.0	1.0	1.0	9.0	0.0	0.0	0.0	1.0	5.0	1.0	5.0	2.0	0.0	8.0	2.0	0.0	1.0	4.0	2.0	1.0	6.0	0.0	0.0	5.0	1.0	0.0	2.0	3.0	1.0	0.0	2.0	0.0	13.0	5.0	7.0	0.0	1.0
Bacteria;Bacteroidota;Bacteroidia;Bacteroidales	31.0	108.0	86.0	83.0	102.0	63.0	123.0	92.0	116.0	119.0	300.0	86.0	32.0	102.0	48.0	66.0	40.0	79.0	95.0	108.0	39.0	103.0	68.0	83.0	89.0	62.0	120.0	170.0	44.0	133.0	99.0	86.0	124.0	102.0	139.0	76.0	51.0	53.0	98.0	138.0	38.0	89.0	70.0	52.0	132.0	95.0	53.0	72.0	82.0	43.0	125.0
Bacteria;Bacteroidota;Chitinophagia;Chitinophagales	1027.0	206.0	390.0	469.0	1329.0	136.0	338.0	173.0	34.0	346.0	244.0	176.0	398.0	159.0	224.0	562.0	279.0	211.0	195.0	719.0	415.0	241.0	381.0	253.0	136.0	299.0	296.0	1211.0	567.0	178.0	115.0	98.0	308.0	467.0	498.0	525.0	294.0	100.0	398.0	837.0	939.0	200.0	324.0	706.0	647.0	450.0	166.0	144.0	94.0	356.0	539.0
Bacteria;Bacteroidota;Cytophagia;Cytophagales	200.0	90.0	113.0	142.0	96.0	276.0	232.0	181.0	20.0	296.0	163.0	144.0	179.0	126.0	56.0	216.0	230.0	195.0	314.0	20.0	97.0	92.0	174.0	306.0	145.0	162.0	143.0	200.0	232.0	192.0	90.0	154.0	210.0	120.0	68.0	152.0	249.0	134.0	57.0	0.0	148.0	176.0	42.0	117.0	171.0	290.0	176.0	170.0	131.0	255.0	1.0
Bacteria;Bacteroidota;Flavobacteriia;Flavobacteriales	81.0	97.0	430.0	176.0	48.0	86.0	372.0	317.0	246.0	282.0	156.0	506.0	384.0	526.0	177.0	91.0	59.0	386.0	71.0	17.0	935.0	167.0	66.0	121.0	102.0	79.0	192.0	404.0	60.0	413.0	44.0	370.0	336.0	85.0	57.0	139.0	180.0	304.0	94.0	217.0	55.0	228.0	73.0	280.0	206.0	446.0	392.0	355.0	274.0	1417.0	9.0
Bacteria;Bacteroidota;Other;Other	55.0	22.0	27.0	26.0	18.0	46.0	42.0	26.0	12.0	79.0	18.0	41.0	19.0	50.0	11.0	57.0	34.0	61.0	16.0	19.0	17.0	20.0	14.0	21.0	15.0	7.0	34.0	26.0	40.0	13.0	15.0	28.0	46.0	16.0	19.0	20.0	28.0	50.0	20.0	0.0	39.0	21.0	10.0	28.0	35.0	35.0	16.0	26.0	30.0	7.0	2.0
Bacteria;Bacteroidota;Saprospiria;Saprospirales	0.0	1.0	0.0	2.0	0.0	15.0	0.0	7.0	0.0	0.0	0.0	24.0	0.0	2.0	0.0	0.0	12.0	11.0	3.0	0.0	1.0	0.0	0.0	3.0	1.0	0.0	0.0	0.0	0.0	88.0	4.0	10.0	0.0	0.0	0.0	0.0	0.0	26.0	1.0	0.0	0.0	3.0	3.0	0.0	2.0	0.0	12.0	7.0	16.0	0.0	0.0
Bacteria;Bacteroidota;Sphingobacteriia;Sphingobacteriales	212.0	37.0	72.0	210.0	115.0	49.0	93.0	26.0	76.0	72.0	49.0	93.0	101.0	14.0	98.0	64.0	49.0	18.0	53.0	103.0	167.0	22.0	106.0	86.0	63.0	85.0	21.0	180.0	179.0	8.0	24.0	45.0	99.0	84.0	53.0	202.0	124.0	25.0	49.0	0.0	117.0	80.0	358.0	131.0	136.0	299.0	62.0	18.0	29.0	128.0	5.0
Bacteria;Balneolota;Balneolia;Balneolales	0.0	0.0	0.0	0.0	0.0	0.0	0.0	0.0	0.0	1.0	0.0	0.0	0.0	0.0	0.0	0.0	0.0	0.0	0.0	0.0	0.0	0.0	0.0	0.0	0.0	0.0	0.0	0.0	0.0	0.0	0.0	3.0	0.0	1.0	0.0	0.0	0.0	0.0	0.0	0.0	0.0	0.0	0.0	0.0	0.0	0.0	2.0	1.0	1.0	0.0	0.0
Bacteria;Campylobacterota;Campylobacteria;Campylobacterales	1.0	5.0	13.0	7.0	6.0	1.0	4.0	3.0	8.0	8.0	22.0	5.0	0.0	4.0	0.0	2.0	0.0	4.0	1.0	5.0	5.0	5.0	2.0	4.0	5.0	4.0	5.0	15.0	0.0	6.0	7.0	5.0	8.0	6.0	5.0	10.0	3.0	3.0	8.0	21.0	1.0	2.0	7.0	1.0	11.0	8.0	4.0	0.0	2.0	0.0	5.0
Bacteria;CandidatusSaccharibacteria;Unclassified;Unclassified	1363.0	567.0	182.0	927.0	279.0	434.0	342.0	777.0	699.0	341.0	948.0	658.0	260.0	822.0	1342.0	751.0	682.0	703.0	291.0	274.0	393.0	980.0	898.0	414.0	762.0	916.0	1055.0	426.0	250.0	339.0	453.0	1649.0	378.0	850.0	931.0	2158.0	1164.0	801.0	739.0	121.0	586.0	856.0	789.0	239.0	473.0	973.0	591.0	724.0	612.0	689.0	13.0
Bacteria;Chlamydiota;Chlamydiia;Chlamydiales	10.0	16.0	23.0	27.0	12.0	17.0	25.0	18.0	9.0	39.0	0.0	13.0	6.0	12.0	10.0	8.0	26.0	19.0	16.0	1.0	44.0	23.0	4.0	42.0	19.0	4.0	30.0	6.0	7.0	2.0	7.0	19.0	16.0	4.0	2.0	17.0	14.0	13.0	4.0	0.0	51.0	40.0	3.0	3.0	12.0	6.0	35.0	19.0	26.0	9.0	0.0
Bacteria;Chlorobiota;Ignavibacteria;Ignavibacteriales	0.0	2.0	0.0	0.0	0.0	1.0	0.0	5.0	0.0	1.0	0.0	0.0	0.0	4.0	0.0	0.0	0.0	2.0	0.0	0.0	0.0	0.0	0.0	0.0	0.0	1.0	0.0	0.0	0.0	0.0	0.0	3.0	1.0	0.0	0.0	0.0	0.0	3.0	0.0	0.0	0.0	1.0	0.0	0.0	0.0	0.0	5.0	1.0	10.0	0.0	0.0
Bacteria;Chloroflexota;Anaerolineae;Aggregatilineales	5.0	15.0	0.0	9.0	0.0	41.0	1.0	52.0	3.0	1.0	0.0	14.0	0.0	7.0	2.0	9.0	42.0	31.0	24.0	0.0	0.0	0.0	32.0	18.0	8.0	24.0	3.0	0.0	1.0	171.0	60.0	32.0	0.0	4.0	1.0	1.0	8.0	4.0	0.0	0.0	0.0	18.0	10.0	0.0	1.0	1.0	9.0	35.0	8.0	4.0	0.0
Bacteria;Chloroflexota;Anaerolineae;Anaerolineales	8.0	4.0	4.0	10.0	1.0	19.0	6.0	20.0	2.0	9.0	1.0	6.0	12.0	9.0	1.0	1.0	38.0	15.0	38.0	1.0	0.0	3.0	27.0	29.0	8.0	7.0	4.0	0.0	4.0	32.0	8.0	10.0	10.0	16.0	9.0	1.0	4.0	33.0	14.0	0.0	7.0	7.0	7.0	2.0	4.0	5.0	29.0	18.0	9.0	2.0	0.0
Bacteria;Chloroflexota;Anaerolineae;Other	3.0	19.0	2.0	20.0	0.0	162.0	0.0	27.0	4.0	2.0	0.0	12.0	4.0	13.0	9.0	5.0	214.0	33.0	74.0	0.0	0.0	1.0	112.0	69.0	40.0	30.0	6.0	21.0	1.0	252.0	55.0	53.0	1.0	18.0	4.0	8.0	17.0	69.0	11.0	0.0	1.0	48.0	13.0	1.0	2.0	4.0	46.0	35.0	29.0	11.0	0.0
Bacteria;Chloroflexota;Caldilineae;Caldilineales	26.0	14.0	10.0	18.0	9.0	42.0	80.0	27.0	7.0	99.0	15.0	27.0	22.0	24.0	10.0	15.0	35.0	36.0	37.0	2.0	17.0	3.0	39.0	54.0	13.0	16.0	4.0	1.0	13.0	7.0	20.0	33.0	78.0	37.0	14.0	8.0	15.0	46.0	22.0	0.0	15.0	23.0	11.0	17.0	27.0	32.0	21.0	32.0	35.0	19.0	0.0
Bacteria;Chloroflexota;Chloroflexia;Chloroflexales	56.0	22.0	6.0	64.0	9.0	62.0	13.0	43.0	20.0	54.0	1.0	50.0	25.0	43.0	34.0	52.0	102.0	96.0	43.0	3.0	26.0	15.0	93.0	121.0	63.0	55.0	19.0	25.0	11.0	0.0	43.0	65.0	15.0	57.0	35.0	7.0	25.0	203.0	32.0	1.0	23.0	55.0	39.0	13.0	88.0	16.0	29.0	102.0	121.0	31.0	1.0
Bacteria;Chloroflexota;Chloroflexia;Herpetosiphonales	51.0	3.0	3.0	16.0	3.0	2.0	18.0	12.0	1.0	72.0	0.0	6.0	7.0	2.0	11.0	138.0	0.0	0.0	2.0	0.0	1.0	4.0	55.0	5.0	0.0	9.0	1.0	9.0	3.0	1.0	2.0	8.0	7.0	1.0	3.0	1.0	1.0	1.0	6.0	0.0	3.0	3.0	26.0	0.0	15.0	7.0	0.0	1.0	1.0	2.0	0.0
Bacteria;Chloroflexota;Chloroflexia;Kallotenuales	0.0	0.0	0.0	0.0	0.0	0.0	0.0	0.0	0.0	0.0	0.0	0.0	2.0	0.0	2.0	0.0	0.0	0.0	2.0	0.0	0.0	2.0	3.0	8.0	2.0	0.0	0.0	0.0	0.0	0.0	1.0	1.0	0.0	5.0	3.0	1.0	1.0	5.0	7.0	0.0	0.0	0.0	1.0	1.0	2.0	0.0	1.0	1.0	2.0	2.0	0.0
Bacteria;Chloroflexota;Chloroflexia;Other	4.0	3.0	1.0	1.0	0.0	7.0	3.0	4.0	2.0	5.0	0.0	3.0	2.0	0.0	0.0	5.0	10.0	3.0	5.0	0.0	3.0	0.0	9.0	17.0	5.0	13.0	0.0	0.0	7.0	0.0	4.0	0.0	4.0	22.0	9.0	1.0	3.0	13.0	5.0	0.0	2.0	2.0	3.0	1.0	7.0	10.0	1.0	3.0	6.0	2.0	0.0
Bacteria;Chloroflexota;Dehalococcoidia;Dehalococcoidales	0.0	0.0	0.0	1.0	0.0	0.0	0.0	1.0	0.0	0.0	0.0	0.0	0.0	1.0	0.0	0.0	1.0	1.0	0.0	0.0	0.0	0.0	1.0	0.0	0.0	2.0	0.0	0.0	0.0	0.0	0.0	1.0	0.0	0.0	1.0	0.0	0.0	0.0	1.0	0.0	0.0	0.0	3.0	0.0	0.0	0.0	2.0	0.0	0.0	0.0	0.0
Bacteria;Chloroflexota;Ktedonobacteria;Ktedonobacterales	2.0	12.0	1.0	26.0	10.0	15.0	0.0	16.0	1.0	1.0	1.0	16.0	1.0	7.0	41.0	0.0	53.0	3.0	21.0	0.0	1.0	38.0	27.0	61.0	75.0	20.0	43.0	0.0	1.0	0.0	30.0	6.0	1.0	115.0	89.0	0.0	12.0	50.0	78.0	0.0	0.0	14.0	17.0	4.0	16.0	1.0	0.0	3.0	17.0	4.0	0.0
Bacteria;Chloroflexota;Ktedonobacteria;Other	0.0	1.0	0.0	1.0	0.0	0.0	0.0	2.0	1.0	0.0	0.0	0.0	0.0	0.0	1.0	0.0	0.0	3.0	0.0	0.0	0.0	0.0	1.0	2.0	3.0	0.0	4.0	0.0	0.0	0.0	2.0	0.0	0.0	6.0	2.0	0.0	0.0	1.0	2.0	0.0	0.0	0.0	1.0	0.0	0.0	0.0	0.0	0.0	1.0	1.0	0.0
Bacteria;Chloroflexota;Other;Other	15.0	40.0	1.0	48.0	1.0	209.0	13.0	42.0	15.0	42.0	0.0	51.0	1.0	38.0	6.0	14.0	185.0	74.0	71.0	2.0	5.0	11.0	113.0	135.0	69.0	63.0	12.0	6.0	7.0	1109.0	171.0	73.0	23.0	74.0	8.0	15.0	68.0	141.0	12.0	0.0	6.0	75.0	38.0	0.0	10.0	10.0	34.0	99.0	78.0	20.0	0.0
Bacteria;Chloroflexota;Tepidiformia;Tepidiformales	28.0	27.0	8.0	39.0	20.0	46.0	40.0	51.0	7.0	42.0	0.0	33.0	18.0	44.0	21.0	26.0	48.0	43.0	18.0	1.0	12.0	25.0	21.0	32.0	17.0	27.0	30.0	22.0	19.0	55.0	22.0	49.0	35.0	47.0	71.0	12.0	30.0	48.0	41.0	0.0	16.0	25.0	22.0	7.0	12.0	24.0	34.0	48.0	36.0	6.0	0.0
Bacteria;Cyanobacteriota;Cyanophyceae;Nodosilineales	0.0	0.0	0.0	0.0	0.0	0.0	0.0	0.0	0.0	0.0	21.0	0.0	0.0	0.0	0.0	0.0	0.0	0.0	0.0	0.0	0.0	0.0	0.0	0.0	0.0	0.0	0.0	0.0	0.0	0.0	0.0	0.0	0.0	0.0	0.0	0.0	0.0	0.0	0.0	0.0	0.0	0.0	0.0	0.0	0.0	0.0	0.0	0.0	0.0	0.0	0.0
Bacteria;Cyanobacteriota;Cyanophyceae;Nostocales	0.0	0.0	0.0	0.0	0.0	1.0	0.0	0.0	0.0	0.0	488.0	1.0	0.0	0.0	0.0	0.0	1.0	0.0	0.0	0.0	0.0	0.0	1.0	2.0	0.0	1.0	0.0	0.0	0.0	0.0	0.0	0.0	1.0	0.0	1.0	0.0	1.0	2.0	1.0	0.0	0.0	0.0	0.0	0.0	0.0	0.0	0.0	0.0	0.0	0.0	0.0
Bacteria;Cyanobacteriota;Cyanophyceae;Oculatellales	0.0	0.0	0.0	0.0	0.0	0.0	0.0	0.0	0.0	0.0	0.0	2.0	0.0	0.0	0.0	0.0	1.0	0.0	2.0	0.0	0.0	0.0	2.0	0.0	0.0	0.0	0.0	0.0	0.0	0.0	2.0	0.0	0.0	1.0	0.0	0.0	0.0	0.0	0.0	0.0	0.0	0.0	1.0	0.0	0.0	0.0	0.0	0.0	0.0	0.0	0.0
Bacteria;Cyanobacteriota;Cyanophyceae;Other	3071.0	9475.0	2158.0	2805.0	3392.0	6584.0	5962.0	3724.0	8067.0	9706.0	1197.0	2251.0	8640.0	6586.0	1139.0	786.0	2866.0	2713.0	2156.0	17.0	9396.0	4019.0	1983.0	4091.0	8871.0	11220.0	4761.0	1316.0	1671.0	1483.0	5516.0	3822.0	5690.0	74.0	47.0	2510.0	756.0	2668.0	27.0	20.0	6502.0	4568.0	1803.0	2669.0	2527.0	5164.0	2661.0	2691.0	4313.0	5652.0	108.0
Bacteria;Cyanobacteriota;Cyanophyceae;Synechococcales	0.0	0.0	3.0	1.0	0.0	0.0	0.0	0.0	0.0	3.0	0.0	0.0	0.0	0.0	0.0	0.0	0.0	0.0	0.0	0.0	0.0	0.0	0.0	1.0	1.0	2.0	0.0	0.0	0.0	0.0	0.0	0.0	1.0	0.0	2.0	0.0	0.0	0.0	0.0	1.0	0.0	0.0	1.0	0.0	2.0	0.0	0.0	0.0	0.0	0.0	0.0
Bacteria;Deferribacterota;Deferribacteres;Deferribacterales	0.0	0.0	1.0	3.0	2.0	1.0	0.0	1.0	1.0	2.0	9.0	0.0	0.0	0.0	0.0	0.0	0.0	0.0	0.0	1.0	0.0	0.0	2.0	0.0	0.0	0.0	2.0	1.0	0.0	1.0	2.0	1.0	0.0	0.0	0.0	0.0	1.0	0.0	0.0	0.0	0.0	2.0	1.0	0.0	2.0	1.0	3.0	2.0	0.0	1.0	0.0
Bacteria;Deinococcota;Deinococci;Deinococcales	5.0	7.0	10.0	1.0	1.0	1.0	6.0	4.0	0.0	8.0	7.0	4.0	23.0	0.0	1.0	6.0	4.0	1.0	1.0	2.0	14.0	0.0	5.0	39.0	3.0	2.0	1.0	1.0	11.0	308.0	5.0	0.0	4.0	5.0	17.0	3.0	0.0	27.0	5.0	49.0	9.0	3.0	3.0	2.0	25.0	1.0	1.0	0.0	12.0	5.0	1.0
Bacteria;Deinococcota;Deinococci;Other	4.0	4.0	0.0	16.0	0.0	10.0	12.0	31.0	13.0	34.0	0.0	13.0	5.0	29.0	2.0	3.0	4.0	57.0	3.0	0.0	12.0	8.0	3.0	10.0	4.0	3.0	7.0	0.0	0.0	0.0	1.0	19.0	14.0	7.0	7.0	0.0	0.0	73.0	6.0	0.0	1.0	10.0	2.0	0.0	6.0	2.0	11.0	78.0	60.0	5.0	0.0
Bacteria;Deinococcota;Deinococci;Thermales	0.0	0.0	0.0	0.0	0.0	0.0	0.0	0.0	0.0	0.0	0.0	0.0	2.0	0.0	0.0	0.0	0.0	0.0	0.0	0.0	4.0	1.0	0.0	0.0	0.0	0.0	0.0	0.0	0.0	0.0	0.0	0.0	0.0	0.0	0.0	0.0	0.0	0.0	0.0	0.0	0.0	0.0	0.0	0.0	0.0	0.0	0.0	0.0	0.0	0.0	1.0
Bacteria;Deinococcota;Deinococci;Trueperales	5.0	11.0	17.0	11.0	0.0	9.0	15.0	50.0	29.0	43.0	0.0	38.0	13.0	40.0	1.0	0.0	6.0	85.0	1.0	1.0	11.0	7.0	10.0	7.0	3.0	5.0	6.0	0.0	0.0	42.0	0.0	79.0	27.0	7.0	11.0	0.0	2.0	26.0	8.0	0.0	1.0	12.0	7.0	0.0	3.0	25.0	51.0	111.0	21.0	5.0	0.0
Bacteria;Fibrobacterota;Chitinispirillia;Chitinispirillales	0.0	0.0	0.0	0.0	0.0	2.0	0.0	0.0	0.0	0.0	0.0	0.0	0.0	0.0	0.0	0.0	0.0	0.0	0.0	0.0	0.0	0.0	0.0	0.0	0.0	1.0	0.0	0.0	0.0	0.0	0.0	0.0	0.0	0.0	0.0	0.0	0.0	0.0	0.0	0.0	0.0	0.0	0.0	0.0	0.0	0.0	0.0	1.0	0.0	0.0	0.0
Bacteria;Fibrobacterota;Fibrobacteria;Fibrobacterales	60.0	44.0	18.0	38.0	8.0	141.0	14.0	8.0	0.0	15.0	0.0	22.0	1.0	5.0	24.0	34.0	23.0	8.0	33.0	0.0	4.0	37.0	10.0	55.0	46.0	6.0	41.0	131.0	18.0	0.0	17.0	4.0	11.0	1.0	1.0	69.0	147.0	10.0	1.0	0.0	27.0	28.0	2.0	83.0	62.0	161.0	27.0	9.0	13.0	11.0	0.0
Bacteria;Fusobacteriota;Fusobacteriia;Fusobacteriales	0.0	4.0	21.0	3.0	3.0	4.0	15.0	8.0	2.0	22.0	48.0	2.0	0.0	0.0	0.0	9.0	0.0	4.0	4.0	6.0	0.0	6.0	6.0	2.0	6.0	2.0	6.0	22.0	1.0	7.0	0.0	4.0	21.0	9.0	23.0	19.0	0.0	0.0	25.0	16.0	0.0	1.0	0.0	0.0	15.0	15.0	3.0	8.0	3.0	0.0	3.0
Bacteria;Gemmatimonadota;Gemmatimonadia;Gemmatimonadales	412.0	102.0	457.0	252.0	814.0	133.0	325.0	136.0	21.0	410.0	42.0	154.0	239.0	143.0	64.0	301.0	279.0	145.0	175.0	166.0	366.0	90.0	147.0	366.0	185.0	87.0	120.0	208.0	564.0	125.0	60.0	118.0	411.0	692.0	511.0	303.0	150.0	375.0	406.0	90.0	634.0	167.0	45.0	423.0	334.0	352.0	163.0	154.0	217.0	189.0	3.0
Bacteria;Gemmatimonadota;Longimicrobia;Longimicrobiales	51.0	30.0	79.0	49.0	41.0	43.0	62.0	73.0	13.0	105.0	20.0	62.0	64.0	48.0	28.0	48.0	52.0	67.0	20.0	169.0	46.0	51.0	39.0	57.0	23.0	45.0	62.0	17.0	42.0	30.0	18.0	71.0	103.0	129.0	200.0	34.0	60.0	125.0	165.0	102.0	59.0	51.0	13.0	44.0	55.0	28.0	76.0	66.0	70.0	39.0	2.0
Bacteria;Gemmatimonadota;Other;Other	52.0	74.0	34.0	55.0	53.0	37.0	63.0	81.0	32.0	106.0	3.0	58.0	18.0	128.0	18.0	48.0	70.0	127.0	47.0	21.0	66.0	17.0	47.0	60.0	26.0	23.0	8.0	45.0	39.0	21.0	22.0	85.0	77.0	126.0	78.0	17.0	25.0	98.0	56.0	1.0	65.0	77.0	15.0	58.0	40.0	77.0	62.0	111.0	68.0	25.0	0.0
Bacteria;Latescibacteria;Unclassified;Unclassified	0.0	1.0	0.0	0.0	0.0	0.0	0.0	1.0	0.0	0.0	0.0	0.0	0.0	0.0	0.0	0.0	5.0	0.0	1.0	0.0	0.0	0.0	2.0	0.0	0.0	0.0	0.0	0.0	0.0	0.0	0.0	0.0	0.0	0.0	1.0	0.0	0.0	0.0	0.0	0.0	0.0	0.0	0.0	0.0	0.0	0.0	1.0	0.0	0.0	0.0	0.0
Bacteria;Marinimicrobia;Unclassified;Unclassified	0.0	0.0	0.0	0.0	0.0	1.0	1.0	0.0	0.0	1.0	1.0	0.0	0.0	0.0	0.0	1.0	0.0	0.0	0.0	1.0	0.0	0.0	0.0	0.0	1.0	0.0	0.0	1.0	0.0	0.0	0.0	0.0	2.0	1.0	2.0	0.0	0.0	0.0	1.0	0.0	0.0	0.0	0.0	0.0	1.0	1.0	2.0	0.0	0.0	0.0	0.0
Bacteria;Mycoplasmatota;Mollicutes;Mycoplasmoidales	0.0	0.0	4.0	0.0	0.0	0.0	0.0	0.0	0.0	2.0	0.0	0.0	0.0	0.0	0.0	0.0	0.0	0.0	0.0	0.0	0.0	0.0	0.0	0.0	0.0	0.0	1.0	0.0	0.0	0.0	0.0	0.0	0.0	0.0	0.0	2.0	0.0	0.0	0.0	2.0	0.0	0.0	0.0	0.0	0.0	1.0	0.0	0.0	0.0	0.0	0.0
Bacteria;Mycoplasmatota;Mollicutes;Other	0.0	0.0	1.0	0.0	1.0	0.0	2.0	0.0	0.0	0.0	0.0	0.0	0.0	0.0	0.0	1.0	0.0	0.0	0.0	1.0	0.0	0.0	0.0	0.0	0.0	0.0	0.0	0.0	0.0	0.0	0.0	0.0	0.0	0.0	0.0	0.0	0.0	0.0	0.0	1.0	0.0	0.0	0.0	0.0	1.0	0.0	0.0	0.0	0.0	0.0	0.0
Bacteria;Nitrospinota;Nitrospinia;Nitrospinales	0.0	0.0	3.0	0.0	0.0	2.0	1.0	0.0	0.0	1.0	5.0	0.0	0.0	0.0	0.0	1.0	0.0	0.0	0.0	1.0	0.0	0.0	0.0	2.0	0.0	1.0	0.0	3.0	0.0	0.0	0.0	0.0	4.0	2.0	3.0	1.0	0.0	0.0	1.0	2.0	0.0	0.0	2.0	0.0	0.0	2.0	2.0	0.0	0.0	0.0	0.0
Bacteria;Nitrospirota;Nitrospiria;Nitrospirales	3.0	13.0	3.0	45.0	8.0	43.0	0.0	28.0	13.0	1.0	0.0	25.0	0.0	36.0	6.0	5.0	33.0	33.0	20.0	0.0	0.0	25.0	27.0	53.0	72.0	21.0	17.0	0.0	1.0	1.0	15.0	52.0	0.0	50.0	25.0	1.0	3.0	59.0	19.0	0.0	4.0	31.0	15.0	5.0	9.0	6.0	25.0	48.0	27.0	11.0	0.0
Bacteria;Other;Other;Other	1046.0	550.0	388.0	755.0	288.0	1099.0	541.0	1073.0	252.0	718.0	776.0	694.0	459.0	856.0	496.0	571.0	1019.0	1147.0	865.0	315.0	386.0	624.0	837.0	1139.0	791.0	708.0	808.0	505.0	522.0	404.0	722.0	1146.0	631.0	1111.0	1058.0	526.0	606.0	1870.0	718.0	81.0	642.0	727.0	390.0	428.0	612.0	723.0	847.0	1158.0	1113.0	365.0	59.0
Bacteria;Parcubacteria;Unclassified;Unclassified	163.0	48.0	75.0	139.0	24.0	85.0	175.0	56.0	18.0	203.0	1.0	97.0	137.0	59.0	122.0	48.0	110.0	100.0	113.0	6.0	106.0	95.0	2.0	104.0	106.0	26.0	101.0	23.0	185.0	78.0	32.0	89.0	194.0	18.0	24.0	73.0	262.0	114.0	27.0	0.0	135.0	72.0	9.0	134.0	216.0	430.0	103.0	115.0	82.0	97.0	19.0
Bacteria;Planctomycetota;Other;Other	0.0	22.0	0.0	2.0	0.0	11.0	11.0	21.0	9.0	11.0	0.0	18.0	0.0	21.0	1.0	0.0	5.0	28.0	14.0	0.0	0.0	3.0	4.0	12.0	1.0	3.0	2.0	0.0	0.0	0.0	1.0	26.0	9.0	0.0	1.0	0.0	9.0	23.0	0.0	0.0	0.0	41.0	2.0	1.0	0.0	0.0	33.0	21.0	33.0	0.0	0.0
Bacteria;Planctomycetota;Phycisphaerae;Other	0.0	15.0	2.0	2.0	1.0	2.0	12.0	4.0	2.0	14.0	0.0	7.0	1.0	20.0	0.0	4.0	8.0	12.0	0.0	0.0	80.0	4.0	1.0	3.0	5.0	0.0	9.0	0.0	1.0	0.0	0.0	14.0	9.0	0.0	0.0	1.0	6.0	4.0	0.0	0.0	0.0	26.0	0.0	6.0	0.0	7.0	6.0	7.0	7.0	2.0	0.0
Bacteria;Planctomycetota;Phycisphaerae;Phycisphaerales	4.0	12.0	11.0	23.0	1.0	23.0	35.0	26.0	2.0	53.0	2.0	13.0	33.0	18.0	1.0	3.0	26.0	26.0	32.0	5.0	25.0	8.0	8.0	15.0	11.0	5.0	2.0	0.0	5.0	17.0	1.0	25.0	45.0	9.0	10.0	3.0	63.0	18.0	3.0	0.0	1.0	18.0	5.0	2.0	6.0	11.0	52.0	36.0	20.0	16.0	1.0
Bacteria;Planctomycetota;Phycisphaerae;Tepidisphaerales	1.0	3.0	0.0	2.0	0.0	3.0	0.0	6.0	1.0	0.0	0.0	6.0	0.0	3.0	6.0	1.0	5.0	4.0	3.0	0.0	0.0	3.0	1.0	3.0	5.0	2.0	1.0	0.0	0.0	21.0	2.0	3.0	0.0	0.0	1.0	0.0	2.0	3.0	2.0	0.0	1.0	0.0	0.0	0.0	0.0	0.0	6.0	3.0	4.0	1.0	0.0
Bacteria;Planctomycetota;Planctomycetia;Gemmatales	1.0	15.0	0.0	45.0	4.0	22.0	0.0	15.0	1.0	0.0	1.0	18.0	1.0	21.0	16.0	10.0	72.0	29.0	34.0	10.0	0.0	31.0	12.0	84.0	84.0	33.0	50.0	26.0	10.0	0.0	29.0	17.0	0.0	75.0	143.0	1.0	41.0	69.0	86.0	1.0	12.0	61.0	11.0	7.0	6.0	1.0	16.0	24.0	36.0	13.0	1.0
Bacteria;Planctomycetota;Planctomycetia;Isosphaerales	41.0	37.0	27.0	125.0	90.0	44.0	22.0	18.0	6.0	15.0	3.0	16.0	16.0	30.0	87.0	24.0	70.0	29.0	10.0	36.0	48.0	42.0	53.0	70.0	73.0	64.0	40.0	53.0	39.0	1.0	95.0	22.0	8.0	46.0	160.0	21.0	122.0	47.0	90.0	0.0	68.0	108.0	48.0	118.0	32.0	10.0	28.0	22.0	44.0	74.0	0.0
Bacteria;Planctomycetota;Planctomycetia;Other	7.0	7.0	5.0	9.0	37.0	17.0	1.0	8.0	4.0	9.0	0.0	8.0	0.0	2.0	2.0	11.0	34.0	4.0	5.0	31.0	4.0	4.0	7.0	16.0	9.0	5.0	11.0	1.0	3.0	1.0	14.0	3.0	5.0	7.0	6.0	2.0	11.0	31.0	2.0	0.0	12.0	17.0	3.0	46.0	10.0	9.0	25.0	4.0	12.0	12.0	0.0
Bacteria;Planctomycetota;Planctomycetia;Pirellulales	1.0	2.0	21.0	2.0	0.0	0.0	15.0	4.0	0.0	28.0	1.0	6.0	65.0	11.0	1.0	0.0	2.0	6.0	2.0	0.0	47.0	1.0	2.0	4.0	2.0	1.0	1.0	0.0	26.0	0.0	1.0	4.0	23.0	2.0	1.0	2.0	2.0	7.0	1.0	0.0	6.0	2.0	0.0	10.0	9.0	8.0	10.0	2.0	9.0	42.0	0.0
Bacteria;Poribacteria;Unclassified;Unclassified	0.0	0.0	0.0	0.0	0.0	0.0	0.0	1.0	0.0	0.0	0.0	0.0	0.0	0.0	0.0	0.0	3.0	1.0	1.0	0.0	0.0	0.0	0.0	0.0	0.0	0.0	0.0	0.0	0.0	0.0	0.0	0.0	0.0	0.0	0.0	0.0	0.0	0.0	0.0	0.0	0.0	1.0	0.0	0.0	0.0	0.0	1.0	0.0	0.0	0.0	0.0
Bacteria;Pseudomonadota;Alphaproteobacteria;Caulobacterales	574.0	738.0	2064.0	813.0	980.0	341.0	1078.0	1626.0	282.0	578.0	124.0	705.0	1995.0	832.0	858.0	638.0	612.0	385.0	489.0	265.0	1492.0	1286.0	257.0	560.0	384.0	317.0	1727.0	1955.0	806.0	157.0	2716.0	520.0	1525.0	286.0	126.0	661.0	758.0	312.0	95.0	497.0	693.0	812.0	322.0	1105.0	785.0	507.0	735.0	451.0	377.0	775.0	2635.0
Bacteria;Pseudomonadota;Alphaproteobacteria;Emcibacterales	0.0	0.0	2.0	1.0	0.0	1.0	1.0	0.0	0.0	1.0	0.0	0.0	0.0	0.0	0.0	0.0	0.0	0.0	0.0	0.0	0.0	0.0	0.0	0.0	0.0	3.0	0.0	2.0	0.0	0.0	0.0	0.0	1.0	0.0	1.0	0.0	0.0	0.0	0.0	0.0	0.0	0.0	1.0	0.0	0.0	0.0	0.0	0.0	0.0	0.0	0.0
Bacteria;Pseudomonadota;Alphaproteobacteria;Hyphomicrobiales	3139.0	1888.0	2641.0	2783.0	2295.0	1760.0	2397.0	2984.0	2843.0	2734.0	752.0	2324.0	4990.0	2840.0	1786.0	2706.0	2222.0	3082.0	1984.0	637.0	3496.0	2050.0	1994.0	2208.0	1300.0	2094.0	2093.0	2833.0	2373.0	860.0	980.0	2915.0	2873.0	1710.0	1579.0	2173.0	2437.0	2152.0	1511.0	1031.0	2188.0	3408.0	1291.0	3005.0	2498.0	2760.0	2818.0	3040.0	2007.0	3608.0	708.0
Bacteria;Pseudomonadota;Alphaproteobacteria;Kordiimonadales	0.0	0.0	0.0	0.0	0.0	0.0	0.0	1.0	27.0	0.0	0.0	0.0	0.0	24.0	0.0	0.0	0.0	11.0	0.0	0.0	0.0	0.0	0.0	0.0	0.0	0.0	2.0	0.0	0.0	1.0	0.0	1.0	0.0	0.0	0.0	0.0	0.0	0.0	0.0	0.0	0.0	0.0	0.0	0.0	0.0	0.0	0.0	11.0	0.0	0.0	0.0
Bacteria;Pseudomonadota;Alphaproteobacteria;Micropepsales	61.0	36.0	85.0	71.0	53.0	20.0	36.0	26.0	2.0	66.0	6.0	18.0	65.0	38.0	41.0	28.0	39.0	13.0	19.0	2.0	206.0	36.0	21.0	31.0	27.0	12.0	48.0	50.0	60.0	0.0	18.0	8.0	46.0	28.0	36.0	57.0	51.0	18.0	15.0	1.0	89.0	29.0	24.0	77.0	64.0	54.0	34.0	15.0	48.0	34.0	0.0
Bacteria;Pseudomonadota;Alphaproteobacteria;Other	186.0	187.0	241.0	240.0	82.0	291.0	328.0	491.0	283.0	452.0	130.0	252.0	153.0	595.0	94.0	129.0	226.0	619.0	283.0	10.0	716.0	143.0	121.0	218.0	114.0	126.0	183.0	230.0	182.0	254.0	182.0	766.0	387.0	122.0	84.0	146.0	265.0	316.0	68.0	11.0	118.0	371.0	73.0	134.0	139.0	291.0	528.0	595.0	327.0	342.0	10.0
Bacteria;Pseudomonadota;Alphaproteobacteria;Parvularculales	0.0	5.0	0.0	0.0	0.0	4.0	0.0	3.0	1.0	0.0	0.0	5.0	0.0	3.0	0.0	0.0	21.0	4.0	9.0	0.0	0.0	1.0	1.0	1.0	0.0	1.0	0.0	0.0	0.0	0.0	0.0	4.0	0.0	0.0	0.0	0.0	0.0	7.0	0.0	0.0	0.0	5.0	0.0	0.0	0.0	0.0	17.0	3.0	1.0	0.0	0.0
Bacteria;Pseudomonadota;Alphaproteobacteria;Rhodobacterales	27.0	59.0	34.0	29.0	14.0	61.0	99.0	111.0	49.0	184.0	347.0	66.0	15.0	60.0	30.0	19.0	46.0	101.0	29.0	40.0	80.0	13.0	37.0	181.0	36.0	34.0	22.0	152.0	15.0	294.0	127.0	83.0	176.0	76.0	71.0	15.0	29.0	180.0	67.0	201.0	13.0	66.0	61.0	13.0	41.0	22.0	64.0	138.0	114.0	55.0	2.0
Bacteria;Pseudomonadota;Alphaproteobacteria;Rhodospirillales	650.0	740.0	1310.0	901.0	715.0	899.0	802.0	1217.0	1245.0	585.0	200.0	905.0	939.0	1263.0	692.0	552.0	813.0	1110.0	506.0	251.0	1285.0	600.0	662.0	845.0	685.0	583.0	833.0	667.0	599.0	1240.0	654.0	1066.0	861.0	974.0	839.0	619.0	958.0	962.0	538.0	545.0	833.0	1066.0	357.0	723.0	661.0	1093.0	1037.0	1087.0	912.0	1424.0	16.0
Bacteria;Pseudomonadota;Alphaproteobacteria;Rickettsiales	0.0	2.0	2.0	6.0	1.0	2.0	7.0	1.0	1.0	2.0	0.0	3.0	0.0	1.0	0.0	0.0	3.0	1.0	1.0	0.0	19.0	1.0	0.0	2.0	3.0	0.0	0.0	6.0	3.0	0.0	1.0	1.0	3.0	2.0	1.0	0.0	1.0	1.0	1.0	0.0	0.0	1.0	0.0	2.0	1.0	0.0	2.0	1.0	0.0	0.0	0.0
Bacteria;Pseudomonadota;Alphaproteobacteria;Sneathiellales	19.0	72.0	121.0	52.0	7.0	49.0	47.0	85.0	41.0	43.0	0.0	99.0	41.0	143.0	89.0	25.0	56.0	125.0	42.0	0.0	180.0	31.0	37.0	61.0	50.0	32.0	42.0	10.0	47.0	62.0	40.0	127.0	70.0	4.0	7.0	35.0	89.0	40.0	10.0	0.0	52.0	88.0	13.0	29.0	34.0	108.0	152.0	104.0	66.0	56.0	1.0
Bacteria;Pseudomonadota;Alphaproteobacteria;Sphingomonadales	3769.0	1891.0	5311.0	4697.0	2472.0	1952.0	2287.0	4010.0	1846.0	2140.0	7296.0	4168.0	4442.0	3309.0	2558.0	1857.0	2633.0	3533.0	1527.0	2256.0	4245.0	1798.0	4065.0	3529.0	2477.0	3706.0	2081.0	3011.0	2602.0	2410.0	894.0	3470.0	2774.0	4700.0	4757.0	2459.0	3131.0	4285.0	3921.0	3070.0	2576.0	3546.0	2451.0	2971.0	2278.0	1498.0	3799.0	3374.0	3103.0	3926.0	2749.0
Bacteria;Pseudomonadota;Betaproteobacteria;Burkholderiales	1501.0	1741.0	1205.0	1215.0	1346.0	582.0	402.0	278.0	461.0	416.0	1266.0	484.0	361.0	836.0	3329.0	1192.0	807.0	311.0	589.0	832.0	785.0	16003.0	529.0	850.0	652.0	2067.0	13293.0	4112.0	559.0	1429.0	312.0	205.0	468.0	669.0	379.0	659.0	4028.0	349.0	308.0	5019.0	1428.0	1836.0	440.0	1233.0	1327.0	996.0	282.0	251.0	254.0	675.0	2463.0
Bacteria;Pseudomonadota;Betaproteobacteria;Neisseriales	0.0	8.0	5.0	2.0	0.0	1.0	0.0	16.0	10.0	8.0	178.0	15.0	0.0	10.0	0.0	27.0	1.0	11.0	3.0	2.0	2.0	10.0	8.0	5.0	2.0	6.0	11.0	93.0	6.0	241.0	1.0	9.0	18.0	19.0	16.0	8.0	1.0	1.0	0.0	28.0	0.0	13.0	1.0	0.0	60.0	27.0	4.0	8.0	11.0	0.0	16.0
Bacteria;Pseudomonadota;Betaproteobacteria;Nitrosomonadales	715.0	593.0	1555.0	884.0	612.0	377.0	1277.0	928.0	77.0	1129.0	83.0	720.0	721.0	672.0	227.0	231.0	484.0	630.0	352.0	113.0	1825.0	207.0	127.0	1064.0	590.0	299.0	244.0	888.0	1041.0	165.0	291.0	449.0	1373.0	352.0	195.0	347.0	406.0	439.0	110.0	13.0	1239.0	476.0	87.0	871.0	590.0	899.0	623.0	595.0	316.0	1501.0	13.0
Bacteria;Pseudomonadota;Betaproteobacteria;Other	38.0	16.0	24.0	18.0	46.0	41.0	13.0	24.0	3.0	24.0	10.0	19.0	8.0	21.0	7.0	55.0	41.0	35.0	42.0	7.0	9.0	6.0	17.0	28.0	22.0	21.0	9.0	44.0	35.0	3.0	20.0	26.0	7.0	40.0	48.0	17.0	10.0	42.0	29.0	0.0	50.0	18.0	8.0	23.0	29.0	67.0	31.0	44.0	21.0	13.0	0.0
Bacteria;Pseudomonadota;Betaproteobacteria;Rhodocyclales	19.0	12.0	19.0	11.0	12.0	25.0	29.0	10.0	35.0	50.0	47.0	16.0	148.0	6.0	5.0	20.0	47.0	11.0	66.0	35.0	20.0	4.0	9.0	27.0	21.0	6.0	9.0	17.0	30.0	44.0	9.0	10.0	26.0	13.0	19.0	18.0	14.0	25.0	7.0	0.0	30.0	15.0	4.0	5.0	13.0	109.0	25.0	17.0	22.0	9.0	0.0
Bacteria;Pseudomonadota;Deltaproteobacteria;Bdellovibrionales	43.0	29.0	30.0	40.0	38.0	34.0	43.0	49.0	6.0	59.0	8.0	44.0	33.0	52.0	17.0	40.0	22.0	64.0	23.0	1.0	90.0	18.0	7.0	29.0	14.0	6.0	23.0	763.0	44.0	82.0	16.0	37.0	58.0	10.0	6.0	36.0	52.0	23.0	7.0	0.0	45.0	36.0	8.0	40.0	43.0	57.0	80.0	46.0	15.0	56.0	1.0
Bacteria;Pseudomonadota;Deltaproteobacteria;Bradymonadales	0.0	0.0	0.0	0.0	0.0	0.0	0.0	13.0	0.0	0.0	0.0	0.0	0.0	1.0	0.0	0.0	0.0	0.0	0.0	0.0	0.0	0.0	0.0	0.0	0.0	0.0	0.0	0.0	0.0	0.0	0.0	0.0	0.0	0.0	0.0	0.0	0.0	1.0	0.0	0.0	0.0	0.0	0.0	0.0	0.0	0.0	0.0	0.0	0.0	0.0	0.0
Bacteria;Pseudomonadota;Deltaproteobacteria;Desulfobacterales	0.0	0.0	0.0	0.0	0.0	0.0	0.0	0.0	0.0	0.0	0.0	0.0	0.0	0.0	0.0	1.0	0.0	0.0	0.0	0.0	0.0	0.0	0.0	1.0	0.0	0.0	0.0	0.0	0.0	0.0	0.0	0.0	0.0	0.0	0.0	0.0	0.0	0.0	0.0	0.0	0.0	0.0	0.0	0.0	0.0	0.0	0.0	0.0	0.0	0.0	0.0
Bacteria;Pseudomonadota;Deltaproteobacteria;Desulfovibrionales	11.0	28.0	40.0	1.0	13.0	3.0	46.0	7.0	21.0	113.0	98.0	17.0	22.0	24.0	33.0	13.0	25.0	6.0	5.0	47.0	34.0	6.0	5.0	5.0	8.0	9.0	8.0	58.0	32.0	7.0	50.0	14.0	34.0	59.0	85.0	27.0	32.0	48.0	83.0	122.0	21.0	17.0	4.0	50.0	87.0	21.0	7.0	8.0	17.0	42.0	28.0
Bacteria;Pseudomonadota;Deltaproteobacteria;Desulfuromonadales	1.0	0.0	0.0	0.0	0.0	0.0	0.0	0.0	0.0	1.0	0.0	0.0	0.0	1.0	0.0	0.0	1.0	1.0	0.0	0.0	0.0	0.0	0.0	0.0	0.0	0.0	0.0	0.0	0.0	0.0	0.0	3.0	0.0	3.0	0.0	0.0	0.0	4.0	0.0	0.0	0.0	1.0	0.0	0.0	0.0	0.0	3.0	1.0	0.0	0.0	0.0
Bacteria;Pseudomonadota;Deltaproteobacteria;Myxococcales	389.0	181.0	189.0	260.0	195.0	585.0	168.0	205.0	35.0	180.0	177.0	243.0	181.0	154.0	122.0	346.0	485.0	339.0	572.0	138.0	79.0	92.0	280.0	612.0	248.0	167.0	139.0	281.0	296.0	138.0	307.0	210.0	204.0	233.0	134.0	311.0	805.0	287.0	133.0	216.0	331.0	424.0	123.0	263.0	396.0	479.0	248.0	296.0	238.0	95.0	134.0
Bacteria;Pseudomonadota;Deltaproteobacteria;Other	22.0	46.0	21.0	39.0	12.0	75.0	110.0	55.0	18.0	223.0	57.0	32.0	34.0	74.0	15.0	28.0	45.0	96.0	37.0	2.0	20.0	20.0	18.0	84.0	22.0	21.0	25.0	13.0	32.0	10.0	26.0	55.0	94.0	25.0	34.0	17.0	25.0	136.0	22.0	1.0	17.0	60.0	9.0	34.0	52.0	35.0	75.0	107.0	85.0	25.0	1.0
Bacteria;Pseudomonadota;Gammaproteobacteria;Acidiferrobacterales	0.0	0.0	0.0	0.0	0.0	10.0	0.0	3.0	0.0	0.0	0.0	1.0	0.0	3.0	0.0	0.0	17.0	1.0	15.0	0.0	0.0	0.0	1.0	7.0	2.0	0.0	0.0	0.0	0.0	0.0	1.0	4.0	0.0	0.0	0.0	0.0	4.0	3.0	0.0	0.0	0.0	0.0	0.0	0.0	0.0	0.0	3.0	2.0	0.0	0.0	0.0
Bacteria;Pseudomonadota;Gammaproteobacteria;Aeromonadales	2.0	6.0	2.0	5.0	3.0	8.0	0.0	3.0	5.0	3.0	5.0	2.0	14.0	5.0	5.0	1.0	2.0	1.0	6.0	3.0	16.0	13.0	4.0	7.0	5.0	3.0	7.0	3.0	4.0	40.0	9.0	8.0	2.0	1.0	3.0	3.0	8.0	9.0	2.0	7.0	16.0	5.0	5.0	7.0	1.0	1.0	2.0	4.0	5.0	2.0	39.0
Bacteria;Pseudomonadota;Gammaproteobacteria;Alteromonadales	1.0	0.0	79.0	32.0	76.0	37.0	96.0	1.0	15.0	134.0	165.0	3.0	4.0	4.0	0.0	70.0	2.0	4.0	0.0	59.0	38.0	1.0	1.0	38.0	47.0	24.0	5.0	150.0	1.0	41.0	1.0	4.0	117.0	79.0	92.0	79.0	0.0	23.0	97.0	130.0	2.0	7.0	23.0	5.0	86.0	67.0	26.0	5.0	4.0	72.0	0.0
Bacteria;Pseudomonadota;Gammaproteobacteria;Cellvibrionales	132.0	89.0	1057.0	99.0	82.0	176.0	608.0	779.0	1053.0	374.0	19.0	741.0	849.0	357.0	355.0	137.0	351.0	658.0	71.0	3.0	470.0	40.0	52.0	375.0	362.0	48.0	67.0	265.0	688.0	386.0	125.0	338.0	622.0	14.0	12.0	424.0	462.0	92.0	39.0	3.0	985.0	294.0	65.0	1428.0	707.0	1249.0	648.0	531.0	106.0	678.0	7.0
Bacteria;Pseudomonadota;Gammaproteobacteria;Chromatiales	11.0	27.0	16.0	26.0	9.0	50.0	39.0	49.0	2420.0	30.0	153.0	45.0	11.0	62.0	12.0	14.0	64.0	108.0	123.0	1.0	12.0	19.0	33.0	40.0	25.0	15.0	34.0	19.0	19.0	119.0	20.0	77.0	31.0	21.0	44.0	9.0	49.0	41.0	28.0	0.0	11.0	39.0	21.0	1.0	7.0	50.0	106.0	122.0	63.0	9.0	5.0
Bacteria;Pseudomonadota;Gammaproteobacteria;Enterobacterales	146.0	273.0	427.0	202.0	570.0	288.0	528.0	262.0	284.0	503.0	1196.0	224.0	154.0	202.0	306.0	539.0	289.0	202.0	238.0	556.0	132.0	246.0	200.0	314.0	287.0	272.0	275.0	727.0	265.0	294.0	395.0	240.0	478.0	524.0	521.0	390.0	260.0	324.0	443.0	859.0	155.0	236.0	294.0	305.0	519.0	525.0	649.0	212.0	269.0	395.0	347.0
Bacteria;Pseudomonadota;Gammaproteobacteria;Gammaproteobacteria_incertae_sedis	30.0	49.0	25.0	75.0	180.0	108.0	9.0	23.0	4.0	5.0	52.0	37.0	18.0	37.0	25.0	37.0	276.0	42.0	184.0	2.0	8.0	83.0	91.0	167.0	81.0	86.0	90.0	188.0	17.0	2.0	63.0	40.0	4.0	60.0	39.0	97.0	196.0	31.0	23.0	2.0	85.0	73.0	27.0	77.0	41.0	72.0	32.0	39.0	55.0	15.0	2.0
Bacteria;Pseudomonadota;Gammaproteobacteria;Legionellales	4.0	14.0	5.0	12.0	4.0	10.0	8.0	7.0	2.0	13.0	111.0	6.0	26.0	10.0	0.0	11.0	17.0	23.0	9.0	0.0	34.0	2.0	11.0	11.0	6.0	8.0	5.0	0.0	13.0	5.0	4.0	10.0	13.0	22.0	2.0	43.0	3.0	13.0	6.0	1.0	27.0	8.0	2.0	4.0	7.0	12.0	11.0	27.0	10.0	2.0	91.0
Bacteria;Pseudomonadota;Gammaproteobacteria;Methylococcales	0.0	0.0	0.0	0.0	0.0	0.0	0.0	4.0	0.0	0.0	0.0	0.0	0.0	1.0	0.0	0.0	0.0	2.0	0.0	0.0	0.0	0.0	2.0	0.0	1.0	1.0	0.0	0.0	0.0	0.0	1.0	1.0	0.0	0.0	0.0	0.0	0.0	1.0	0.0	0.0	0.0	0.0	0.0	0.0	1.0	0.0	0.0	2.0	0.0	0.0	0.0
Bacteria;Pseudomonadota;Gammaproteobacteria;Nevskiales	217.0	158.0	187.0	142.0	259.0	133.0	187.0	178.0	29.0	173.0	36.0	185.0	130.0	153.0	81.0	279.0	197.0	242.0	147.0	10.0	149.0	54.0	128.0	235.0	158.0	66.0	65.0	357.0	225.0	81.0	105.0	272.0	186.0	68.0	36.0	410.0	110.0	85.0	39.0	1.0	233.0	261.0	38.0	341.0	279.0	369.0	200.0	218.0	111.0	285.0	4.0
Bacteria;Pseudomonadota;Gammaproteobacteria;Oceanospirillales	0.0	3.0	22.0	16.0	12.0	11.0	43.0	2.0	1.0	71.0	36.0	6.0	0.0	1.0	2.0	17.0	1.0	6.0	1.0	15.0	1.0	1.0	0.0	11.0	19.0	11.0	0.0	34.0	0.0	2.0	3.0	5.0	53.0	18.0	38.0	16.0	2.0	3.0	18.0	30.0	0.0	4.0	12.0	0.0	22.0	26.0	18.0	11.0	0.0	1.0	0.0
Bacteria;Pseudomonadota;Gammaproteobacteria;Orbales	0.0	0.0	0.0	0.0	0.0	0.0	0.0	0.0	0.0	0.0	19.0	0.0	0.0	0.0	0.0	0.0	0.0	0.0	0.0	0.0	0.0	0.0	0.0	0.0	0.0	0.0	0.0	0.0	0.0	0.0	0.0	0.0	0.0	0.0	0.0	0.0	0.0	0.0	0.0	0.0	0.0	0.0	0.0	0.0	0.0	0.0	0.0	0.0	0.0	0.0	0.0
Bacteria;Pseudomonadota;Gammaproteobacteria;Other	133.0	149.0	163.0	68.0	55.0	433.0	460.0	282.0	70.0	483.0	25.0	201.0	648.0	559.0	64.0	200.0	390.0	524.0	271.0	10.0	1027.0	64.0	30.0	265.0	102.0	43.0	50.0	104.0	200.0	487.0	249.0	180.0	529.0	32.0	28.0	239.0	169.0	318.0	12.0	7.0	195.0	236.0	23.0	252.0	62.0	370.0	486.0	482.0	414.0	1071.0	5.0
Bacteria;Pseudomonadota;Gammaproteobacteria;Pasteurellales	0.0	53.0	1.0	1.0	1.0	1.0	25.0	12.0	57.0	4.0	63.0	42.0	0.0	39.0	0.0	16.0	0.0	12.0	7.0	0.0	0.0	18.0	16.0	6.0	1.0	0.0	12.0	2.0	0.0	8.0	0.0	51.0	6.0	13.0	2.0	1.0	0.0	1.0	32.0	0.0	0.0	33.0	1.0	0.0	3.0	15.0	2.0	5.0	41.0	0.0	66.0
Bacteria;Pseudomonadota;Gammaproteobacteria;Pseudomonadales	67.0	38.0	59.0	44.0	34.0	46.0	53.0	131.0	9122.0	128.0	3177.0	88.0	174.0	85.0	30.0	27.0	33.0	167.0	81.0	103.0	92.0	87.0	79.0	116.0	31.0	31.0	98.0	4687.0	40.0	24705.0	57.0	126.0	72.0	26.0	50.0	65.0	44.0	95.0	40.0	6728.0	35.0	71.0	29.0	41.0	113.0	65.0	101.0	145.0	74.0	342.0	1813.0
Bacteria;Pseudomonadota;Gammaproteobacteria;Thiotrichales	0.0	0.0	0.0	0.0	0.0	0.0	1.0	0.0	435.0	0.0	0.0	4.0	0.0	3.0	0.0	0.0	0.0	0.0	0.0	0.0	0.0	0.0	0.0	1.0	0.0	0.0	1.0	0.0	0.0	0.0	0.0	3.0	0.0	0.0	0.0	0.0	2.0	1.0	0.0	0.0	0.0	2.0	0.0	0.0	0.0	0.0	0.0	0.0	1.0	0.0	1.0
Bacteria;Pseudomonadota;Gammaproteobacteria;Vibrionales	0.0	0.0	3.0	2.0	0.0	4.0	2.0	0.0	1.0	5.0	142.0	0.0	0.0	0.0	0.0	2.0	0.0	0.0	0.0	3.0	0.0	0.0	0.0	1.0	5.0	2.0	0.0	2.0	1.0	6.0	0.0	0.0	5.0	1.0	2.0	4.0	0.0	0.0	5.0	11.0	0.0	0.0	2.0	0.0	3.0	3.0	0.0	0.0	0.0	0.0	0.0
Bacteria;Pseudomonadota;Gammaproteobacteria;Xanthomonadales	611.0	438.0	893.0	461.0	356.0	338.0	747.0	636.0	101.0	845.0	894.0	545.0	812.0	567.0	492.0	438.0	508.0	505.0	360.0	3366.0	1131.0	853.0	391.0	401.0	254.0	346.0	1125.0	1885.0	582.0	302.0	223.0	439.0	814.0	596.0	1215.0	284.0	559.0	710.0	772.0	952.0	515.0	971.0	291.0	562.0	614.0	448.0	364.0	615.0	589.0	447.0	16.0
Bacteria;Pseudomonadota;Oligoflexia;Bacteriovoracales	12.0	23.0	9.0	20.0	8.0	25.0	48.0	72.0	15.0	52.0	0.0	75.0	24.0	80.0	5.0	13.0	19.0	109.0	22.0	11.0	59.0	9.0	5.0	28.0	12.0	10.0	8.0	52.0	8.0	18.0	18.0	86.0	71.0	6.0	11.0	14.0	25.0	40.0	9.0	107.0	12.0	58.0	7.0	61.0	9.0	68.0	32.0	53.0	26.0	86.0	1.0
Bacteria;Pseudomonadota;Oligoflexia;Oligoflexales	11.0	4.0	7.0	11.0	0.0	8.0	2.0	6.0	4.0	17.0	0.0	8.0	8.0	6.0	0.0	0.0	2.0	7.0	5.0	4.0	13.0	4.0	2.0	5.0	0.0	4.0	1.0	12.0	71.0	0.0	5.0	2.0	4.0	7.0	9.0	6.0	14.0	5.0	4.0	0.0	6.0	1.0	1.0	11.0	21.0	4.0	7.0	6.0	5.0	7.0	0.0
Bacteria;Pseudomonadota;Oligoflexia;Other	0.0	0.0	0.0	0.0	0.0	6.0	0.0	0.0	0.0	0.0	0.0	0.0	0.0	0.0	1.0	0.0	0.0	1.0	1.0	0.0	0.0	0.0	0.0	1.0	0.0	0.0	0.0	0.0	0.0	0.0	1.0	0.0	0.0	0.0	0.0	0.0	3.0	0.0	0.0	0.0	0.0	1.0	0.0	1.0	0.0	0.0	0.0	0.0	0.0	0.0	0.0
Bacteria;Pseudomonadota;Oligoflexia;Silvanigrellales	0.0	0.0	0.0	0.0	0.0	0.0	0.0	0.0	0.0	0.0	0.0	0.0	0.0	0.0	1.0	0.0	0.0	0.0	0.0	0.0	0.0	0.0	0.0	0.0	0.0	0.0	0.0	0.0	0.0	0.0	0.0	0.0	0.0	0.0	0.0	0.0	0.0	4.0	1.0	0.0	0.0	0.0	0.0	0.0	2.0	0.0	0.0	0.0	0.0	0.0	0.0
Bacteria;Pseudomonadota;Other;Other	51.0	52.0	98.0	44.0	9.0	44.0	46.0	27.0	12.0	42.0	48.0	31.0	30.0	61.0	38.0	33.0	37.0	45.0	43.0	5.0	166.0	48.0	11.0	70.0	34.0	32.0	56.0	127.0	42.0	36.0	28.0	27.0	56.0	22.0	17.0	34.0	52.0	28.0	14.0	1.0	53.0	67.0	13.0	98.0	73.0	70.0	44.0	42.0	35.0	134.0	0.0
Bacteria;Rhodothermota;Rhodothermia;Rhodothermales	11.0	15.0	10.0	6.0	2.0	19.0	18.0	34.0	3.0	11.0	0.0	59.0	6.0	10.0	8.0	6.0	15.0	35.0	9.0	1.0	1.0	3.0	5.0	16.0	5.0	8.0	7.0	0.0	1.0	0.0	4.0	34.0	34.0	6.0	14.0	1.0	5.0	63.0	8.0	0.0	2.0	7.0	2.0	1.0	7.0	10.0	27.0	45.0	45.0	4.0	0.0
Bacteria;SR1;Unclassified;Unclassified	0.0	0.0	0.0	0.0	0.0	1.0	0.0	0.0	1.0	0.0	0.0	0.0	0.0	0.0	0.0	0.0	0.0	0.0	0.0	0.0	0.0	0.0	0.0	0.0	0.0	0.0	0.0	0.0	0.0	0.0	0.0	0.0	0.0	0.0	1.0	0.0	0.0	0.0	0.0	0.0	0.0	0.0	0.0	0.0	0.0	0.0	0.0	1.0	0.0	0.0	0.0
Bacteria;Spirochaetota;Spirochaetia;Leptospirales	0.0	0.0	0.0	0.0	0.0	0.0	1.0	0.0	0.0	5.0	0.0	0.0	0.0	0.0	0.0	0.0	2.0	0.0	0.0	0.0	1.0	0.0	0.0	0.0	0.0	0.0	0.0	0.0	1.0	0.0	1.0	0.0	6.0	0.0	0.0	0.0	0.0	0.0	0.0	0.0	1.0	0.0	0.0	0.0	0.0	0.0	0.0	0.0	0.0	0.0	0.0
Bacteria;Spirochaetota;Spirochaetia;Spirochaetales	0.0	0.0	5.0	1.0	3.0	1.0	2.0	0.0	0.0	5.0	6.0	0.0	0.0	0.0	0.0	0.0	0.0	1.0	0.0	4.0	0.0	0.0	0.0	5.0	4.0	4.0	0.0	2.0	0.0	1.0	0.0	1.0	2.0	2.0	2.0	1.0	1.0	0.0	0.0	10.0	0.0	0.0	4.0	0.0	2.0	6.0	1.0	0.0	0.0	0.0	1.0
Bacteria;Synergistota;Synergistia;Synergistales	2.0	0.0	1.0	0.0	1.0	0.0	1.0	0.0	0.0	0.0	1.0	1.0	3.0	0.0	0.0	1.0	0.0	0.0	0.0	2.0	2.0	1.0	0.0	0.0	0.0	0.0	0.0	1.0	0.0	0.0	0.0	0.0	1.0	1.0	3.0	0.0	0.0	0.0	0.0	2.0	3.0	0.0	0.0	0.0	0.0	0.0	0.0	1.0	0.0	0.0	1.0
Bacteria;Thermomicrobiota;Thermomicrobia;Other	15.0	12.0	5.0	21.0	2.0	34.0	25.0	16.0	7.0	27.0	3.0	11.0	12.0	12.0	16.0	8.0	16.0	15.0	12.0	4.0	9.0	13.0	24.0	31.0	15.0	32.0	25.0	13.0	4.0	1.0	23.0	17.0	48.0	33.0	244.0	5.0	20.0	34.0	124.0	0.0	14.0	18.0	12.0	3.0	13.0	6.0	17.0	22.0	36.0	10.0	0.0
Bacteria;Thermomicrobiota;Thermomicrobia;Sphaerobacterales	500.0	153.0	215.0	290.0	185.0	339.0	340.0	460.0	77.0	522.0	129.0	325.0	257.0	271.0	202.0	239.0	227.0	441.0	146.0	40.0	272.0	181.0	365.0	206.0	160.0	296.0	265.0	65.0	179.0	87.0	149.0	516.0	431.0	443.0	1196.0	89.0	200.0	441.0	774.0	1.0	214.0	219.0	385.0	137.0	259.0	116.0	299.0	439.0	404.0	147.0	3.0
Bacteria;Unclassified;Unclassified;Unclassified	0.0	3.0	0.0	4.0	1.0	9.0	0.0	0.0	0.0	0.0	1.0	1.0	0.0	0.0	3.0	0.0	2.0	0.0	0.0	1.0	0.0	1.0	2.0	4.0	12.0	8.0	4.0	0.0	0.0	0.0	5.0	1.0	0.0	39.0	30.0	0.0	3.0	2.0	14.0	0.0	0.0	4.0	8.0	0.0	1.0	0.0	0.0	0.0	3.0	0.0	0.0
Bacteria;Verrucomicrobiota;Opitutia;Opitutales	13.0	30.0	16.0	20.0	10.0	40.0	25.0	55.0	11.0	12.0	0.0	21.0	14.0	30.0	22.0	33.0	15.0	20.0	23.0	0.0	40.0	22.0	4.0	22.0	13.0	5.0	15.0	48.0	7.0	15.0	9.0	12.0	47.0	9.0	3.0	12.0	16.0	10.0	0.0	0.0	13.0	13.0	1.0	43.0	32.0	37.0	14.0	24.0	11.0	6.0	0.0
Bacteria;Verrucomicrobiota;Other;Other	18.0	24.0	87.0	13.0	15.0	23.0	27.0	31.0	0.0	23.0	0.0	20.0	35.0	35.0	124.0	24.0	25.0	17.0	13.0	2.0	87.0	37.0	10.0	26.0	8.0	6.0	61.0	19.0	12.0	39.0	9.0	11.0	36.0	20.0	10.0	7.0	17.0	8.0	13.0	1.0	17.0	23.0	0.0	162.0	53.0	36.0	17.0	23.0	13.0	25.0	1.0
Bacteria;Verrucomicrobiota;Spartobacteria;Other	0.0	0.0	0.0	0.0	2.0	2.0	0.0	0.0	0.0	0.0	0.0	0.0	0.0	0.0	0.0	0.0	1.0	0.0	0.0	0.0	0.0	1.0	0.0	0.0	0.0	0.0	0.0	0.0	0.0	0.0	0.0	0.0	0.0	0.0	0.0	0.0	1.0	0.0	0.0	0.0	0.0	0.0	0.0	0.0	0.0	0.0	0.0	0.0	0.0	0.0	0.0
Bacteria;Verrucomicrobiota;Spartobacteria;Unclassified	3.0	1.0	2.0	5.0	6.0	23.0	8.0	3.0	0.0	4.0	0.0	1.0	6.0	1.0	5.0	43.0	9.0	2.0	11.0	3.0	5.0	0.0	2.0	13.0	6.0	0.0	0.0	11.0	4.0	51.0	4.0	0.0	11.0	25.0	6.0	32.0	9.0	5.0	8.0	33.0	4.0	8.0	5.0	17.0	12.0	8.0	2.0	0.0	0.0	4.0	0.0
Bacteria;Verrucomicrobiota;Terrimicrobia;Terrimicrobiales	6.0	102.0	4.0	15.0	0.0	9.0	0.0	6.0	5.0	0.0	1.0	53.0	0.0	15.0	10.0	4.0	6.0	2.0	3.0	0.0	23.0	1.0	0.0	4.0	2.0	14.0	4.0	38.0	0.0	0.0	1.0	3.0	0.0	0.0	0.0	5.0	11.0	3.0	0.0	0.0	16.0	26.0	2.0	9.0	9.0	0.0	3.0	2.0	7.0	2.0	0.0
Bacteria;Verrucomicrobiota;Verrucomicrobiia;Verrucomicrobiales	24.0	58.0	12.0	52.0	12.0	50.0	48.0	28.0	42.0	63.0	0.0	43.0	148.0	58.0	19.0	79.0	36.0	20.0	38.0	0.0	34.0	9.0	11.0	81.0	14.0	24.0	3.0	41.0	89.0	46.0	13.0	46.0	60.0	3.0	1.0	10.0	48.0	7.0	1.0	0.0	18.0	25.0	19.0	46.0	24.0	37.0	24.0	14.0	13.0	34.0	2.0
Eukaryota;Plantae;Liliopsida;Poales	1.0	72.0	1.0	1.0	4.0	41.0	9.0	48.0	4.0	5.0	6.0	2.0	10.0	6.0	8.0	5.0	4.0	3.0	4.0	0.0	7.0	1.0	0.0	8.0	1.0	4.0	2.0	2.0	1.0	0.0	1.0	1.0	6.0	0.0	0.0	3.0	1.0	1.0	0.0	0.0	1.0	3.0	3.0	7.0	5.0	1.0	2.0	1.0	1.0	1.0	0.0
Unclassified;Other;Other;Other	0.0	1.0	0.0	0.0	0.0	0.0	0.0	0.0	0.0	0.0	0.0	0.0	1.0	0.0	0.0	0.0	0.0	1.0	0.0	0.0	2.0	0.0	0.0	2.0	1.0	0.0	1.0	0.0	1.0	0.0	0.0	0.0	3.0	0.0	1.0	0.0	1.0	0.0	0.0	0.0	0.0	0.0	0.0	0.0	0.0	1.0	0.0	0.0	0.0	0.0	0.0